[[1,1,1,1,1,1,1,1,1,1,1,1,1,1,1,1,1],
[1,1.02328,1.08569,1.01898,0.947322,1.00836,1.09474,0.903967,0.94062,0.929322,1.09216,1.04212,0.900952,1.02587,0.964003,1.0597,0.996152],
[1,0.959188,1.05227,0.91258,1.03749,1.07168,1.06302,0.945436,1.01433,0.90285,0.920716,1.00967,1.03663,1.01016,1.01877,1.0279,0.927967],
[1,0.916468,1.0516,1.04584,0.909473,0.943892,0.971578,0.974899,0.968184,1.09138,0.974306,0.983193,1.03805,0.965151,1.00013,1.07243,0.94565],
[1,0.959694,0.953706,0.928492,0.941743,0.964858,0.979873,0.962911,0.986056,0.930238,0.965743,1.02839,0.912958,1.00179,0.927491,1.01438,0.940101],
[1,1.07241,1.07606,0.970864,0.913648,1.07035,0.944996,1.08713,1.06166,0.937977,1.00135,0.957924,1.07694,0.967257,1.01347,1.04548,0.971004],
[1,0.95143,0.989682,1.07393,1.08468,0.980605,1.05232,1.02656,1.0321,1.04156,1.00241,1.04971,0.925599,0.922553,0.923695,1.04651,1.09263],
[1,0.925758,0.994223,0.983486,0.969112,1.03978,0.981796,1.08383,0.92309,1.08043,0.949293,0.921149,0.966982,0.954958,1.08564,1.09684,1.0925],
[1,0.940663,0.974679,1.06809,1.03304,1.00804,0.957405,0.934486,1.08265,1.035,0.982315,1.04281,0.907355,1.01535,0.967275,1.0415,1.05569],
[1,1.0384,0.918317,0.965993,0.934779,1.07059,0.903723,1.08136,1.02116,0.97225,0.941792,1.06188,1.02394,1.04533,0.934938,1.07539,0.914331],
[0.9,1.06878,1.04797,0.965358,0.919654,1.02325,1.0555,0.902228,0.913886,0.976382,0.93741,0.986019,1.01339,1.00687,0.914032,1.0867,0.915394],
[1,1.08867,0.90191,1.00438,1.07494,1.01564,0.977725,0.914924,1.00475,1.01571,1.08754,1.0199,1.09327,1.01991,1.02546,1.07532,0.95732],
[1,0.970437,0.953072,1.05514,0.929005,1.07725,1.09283,1.05574,1.06645,1.05076,1.00428,1.05708,0.960408,0.959633,1.05105,0.959383,1.03695],
[0.9,1.04754,0.999655,1.04446,0.985458,1.09982,0.953926,1.07217,0.959279,1.02198,1.01322,0.947096,0.985806,0.959096,1.03963,1.09089,1.07646],
[1,1.00874,1.01749,1.06712,1.0479,0.944588,0.953304,1.08304,0.969466,0.953529,0.960677,1.09315,1.0382,1.06306,1.04623,0.910053,1.01869],
[1,1.03525,1.09205,1.03382,0.918696,1.09321,0.903284,0.909217,0.97181,1.07598,0.988394,0.974368,0.952864,0.989651,0.917829,1.05157,1.09385],
[1,1.06018,1.06411,1.03792,1.06308,0.937605,0.994748,1.08883,0.986959,0.920869,1.02589,0.915455,0.95818,1.01991,0.992666,0.917646,0.961672],
[1,0.980056,0.959639,0.947035,0.964919,0.995553,1.07729,0.931758,0.907483,0.948323,1.06544,1.06425,0.910236,1.06636,0.951546,1.02784,0.926002],
[1,1.06194,1.06709,1.05045,1.02217,1.08686,1.01763,0.957704,0.919471,1.05061,1.02068,1.08161,0.900574,0.993051,0.903681,0.998917,0.957918],
[1,0.90813,0.970779,1.05113,1.06915,0.945967,1.0986,1.06442,1.077,1.0657,1.05061,1.05174,1.05414,0.909558,1.01543,1.00124,1.07413],
[0.9,1.0388,1.05002,1.00274,0.937306,0.999796,0.980496,0.933808,1.0879,0.982687,0.929774,0.986227,1.04746,0.900836,0.943031,0.968685,1.05721],
[1,0.90238,0.918152,1.05633,0.998502,1.06233,1.01846,0.951277,0.917103,0.923164,0.905188,0.925983,0.96053,1.07343,1.06319,1.07447,0.901141],
[0.9,0.922864,0.936854,0.924519,1.0268,0.961574,1.02022,0.991958,0.923872,1.01636,1.08542,0.90495,1.0673,0.914234,1.08121,1.0279,1.03197],
[1,0.906848,0.925214,1.03803,1.05198,1.08451,1.06916,1.05239,1.03952,0.922663,1.07465,0.90929,0.949116,1.05176,1.01722,0.981405,0.964846],
[1,1.09054,1.03244,1.0617,1.08431,0.959462,0.982711,1.0339,1.01626,1.06522,1.01883,1.09084,1.07336,1.03864,0.978793,1.02684,1.04776],
[1,1.04371,1.07097,1.03517,1.04744,1.06738,1.02319,1.0514,0.952345,0.975094,0.983114,1.07115,0.948018,0.962783,1.07757,1.07031,0.937727],
[1,1.09322,0.953047,0.916498,1.0624,1.02053,0.944905,0.91681,1.04203,1.01535,0.933125,0.912549,0.938038,0.984274,0.93556,0.937391,1.0878],
[0.9,0.979287,0.973873,1.05235,1.05351,0.970248,1.06946,1.09335,0.947664,1.03522,1.03576,0.90025,1.04116,0.917194,0.987246,0.999301,1.0464],
[1,1.07563,0.975295,0.989181,1.08254,1.07622,0.937519,0.935865,0.966219,0.982504,0.961116,0.994363,0.933003,1.06514,0.935005,1.09523,1.09913],
[1,0.94781,0.959047,1.04353,0.983077,1.04281,0.956478,1.05282,1.00395,1.07335,1.06699,1.06993,1.04148,1.08992,1.04279,1.02737,1.03063],
[1,0.98406,0.94659,1.04113,1.0622,1.03173,1.08461,0.962612,0.95569,0.984091,0.909064,0.904254,0.906287,0.943556,0.98323,1.06515,0.950465],
[0.9,0.941774,0.931526,0.95848,1.05453,1.03904,0.957314,1.01787,0.99769,1.05064,0.98406,0.99866,0.93517,1.01,0.956563,1.03136,1.0806],
[1,0.990506,0.929188,1.01353,1.00648,0.948231,1.08568,0.911725,1.03901,0.979031,1.07883,1.06349,1.02636,0.980081,0.913306,1.0663,1.04182],
[1,0.931635,1.01805,0.915192,0.981845,0.925861,0.907129,1.08769,0.979897,1.08086,0.907569,0.951387,1.00973,1.08049,0.985482,1.05494,0.984542],
[0.9,0.923115,1.05633,1.01598,0.971242,0.966768,1.00432,1.09496,1.08609,1.00468,1.02955,0.943361,0.945558,1.08138,1.02669,1.09247,1.00978],
[1,1.0089,0.944771,1.04561,0.900452,0.915687,1.07512,1.04809,1.07529,0.95569,0.927674,0.974728,1.03666,1.06534,0.964711,0.923914,0.933595],
[1,1.0237,1.08881,0.969961,0.992734,0.938826,0.91775,1.04804,1.00006,0.983169,1.0127,0.998441,1.08573,0.987887,0.996664,0.902582,1.05398],
[0.9,1.08165,0.91402,0.975521,0.997128,0.968172,1.08483,0.933302,1.0292,1.00769,1.00331,0.934382,0.9537,1.05917,0.9493,1.06901,1.01053],
[1,0.973312,1.09826,1.07865,0.919764,1.00572,0.951436,0.908918,0.936451,1.00229,0.91446,1.08395,1.05231,1.0323,0.990524,1.06102,0.994784],
[1,1.0143,0.954567,1.06518,0.91399,1.00088,1.01434,0.929231,1.08588,0.910755,1.05548,0.951765,1.00583,0.912018,0.996817,1.00682,1.06008],
[0.9,0.963674,0.994339,1.02113,0.903442,0.911286,0.994803,0.908991,0.914704,1.02524,1.09297,1.04485,0.96487,1.05506,1.00204,0.903668,1.08539],
[1,0.919428,1.07182,1.08133,0.964412,0.945448,0.916041,0.949391,1.05524,1.09611,1.07003,1.04335,0.984176,1.04136,0.944746,0.967849,0.924439],
[1,0.968935,1.08212,0.962203,0.921973,0.965871,0.994522,0.93758,0.991153,0.97272,0.929603,1.06894,0.976717,0.908747,0.948421,1.01654,1.0675],
[1,0.903778,0.941957,0.918696,0.956764,0.911463,1.01944,0.94283,1.03999,1.0187,0.955458,0.976064,0.97308,1.05116,0.972707,0.95118,1.05504],
[1,1.01483,0.908448,1.05148,0.968215,1.02807,0.975625,0.979623,1.04357,1.07616,1.04836,0.992093,1.06926,0.944612,1.00221,1.06581,1.00365],
[1,0.96758,0.902216,0.964412,1.0958,1.09881,0.945076,1.00005,1.07479,0.968587,0.922083,1.09004,1.0015,1.0191,1.0166,1.05477,1.0036],
[1,1.07564,0.956337,0.985031,1.03139,0.96053,1.07186,1.03144,1.00275,1.04632,1.02,0.955184,0.972622,0.976296,0.922584,0.935914,1.06695],
[1,0.981918,0.913251,0.927174,0.945863,0.955599,1.08753,1.03285,1,0.909754,0.985073,0.930848,0.922016,0.932051,1.04419,0.902466,0.979409],
[1,0.978036,1.09972,0.941658,0.985788,1.07078,1.08193,0.995303,1.07906,1.06315,0.984078,0.964071,1.00849,0.983682,1.04792,1.04034,0.943904],
[1,0.947328,0.934205,1.05982,0.92027,1.03903,1.04634,1.0418,0.978951,0.969893,0.970962,1.0026,1.03351,0.972219,0.935108,0.989358,1.05792],
[1,1.08049,0.962966,0.911402,0.984201,0.99418,1.03101,0.964632,0.998135,0.994418,1.0155,0.921607,0.997824,0.977633,0.936555,1.09355,1.0349],
[0.9,1.09341,1.0809,0.91352,0.931849,0.92389,0.919898,0.975924,1.09434,0.923682,1.04975,1.02569,0.946297,1.00662,0.956764,1.02032,1.06573],
[1,1.05181,1.06409,1.02933,0.96675,1.03705,0.932624,0.963863,0.904028,0.918506,1.06029,0.908924,0.952309,0.920539,1.02176,1.09719,1.04335],
[1,1.03901,0.958535,0.900043,1.02594,0.944887,0.954305,0.958821,0.952315,0.934602,1.0478,0.983041,1.0879,0.936366,0.917353,1.04865,0.971725],
[1,0.91836,1.08339,0.939033,1.06162,0.900195,1.04073,0.924421,1.03515,1.08465,1.08985,1.01696,1.09606,0.911756,0.902844,0.923475,1.05441],
[0.9,1.02051,0.996341,1.02898,0.94427,0.977804,0.981899,1.02694,0.905664,0.970425,0.945906,0.992508,0.986593,0.943574,0.932136,1.05617,0.910163],
[1,1.01048,1.01543,0.962459,0.998495,1.07065,0.978518,0.986489,0.954091,1.01801,1.00217,0.993771,1.07136,0.9274,1.05486,0.999673,1.04176],
[1,0.936659,0.988894,1.05664,0.960414,1.08693,1.01722,0.926826,0.906604,0.911249,0.955904,1.0746,0.975289,0.958681,1.08487,0.979086,1.07252],
[1,1.04092,0.956471,1.06975,1.00274,0.927393,1.05624,1.04014,1.04074,1.09132,0.954604,0.903143,0.991812,0.974386,1.02656,0.933528,0.932606],
[1,1.07762,1.09104,0.955043,0.911017,0.916565,1.02709,0.971364,1.03902,1.05056,0.924659,1.01948,0.953841,1.08364,1.02756,0.900061,0.957112],
[1,1.01551,1.07644,1.05155,1.01371,1.08106,1.06865,1.08375,0.964541,1.06483,1.07292,1.01078,0.943892,0.905103,1.03778,0.996982,0.929249],
[1,0.928022,0.946889,0.910181,1.04569,1.00785,0.980905,1.08654,0.984988,1.07436,1.05972,1.02007,1.05924,1.07278,1.06384,1.02094,0.982974],
[1,0.934394,0.950179,1.01972,1.09902,0.981637,0.919385,1.0078,0.962087,0.96711,1.06901,0.950612,1.02937,1.06602,0.906317,0.927552,0.95884],
[1,0.9845,0.981967,1.01197,1.05778,1.00387,0.942256,1.01537,0.97637,0.91673,1.03245,0.954109,1.0451,0.916968,1.02846,0.92787,0.98262],
[1,1.01633,0.901251,0.926856,1.0436,0.908679,0.979495,0.932868,0.983395,0.975558,1.04083,1.00085,0.909851,0.94604,1.05672,1.04033,0.922553],
[0.9,0.93122,1.07712,1.03014,0.96371,0.99078,0.90893,1.00827,1.09333,0.955623,0.916205,0.992325,0.989492,0.924073,1.03417,0.986123,0.912342],
[1,0.992489,0.967898,0.925324,0.90155,1.02882,0.974795,0.96672,0.961855,0.982369,1.04713,0.941829,1.08715,0.973775,1.01368,1.09218,1.06939],
[1,0.999203,0.99783,1.00515,1.09377,1.03554,1.06928,1.04515,1.02369,1.0574,1.0849,1.00666,0.958223,1.06421,1.03047,1.08008,0.982882],
[1,0.996854,0.960927,1.00696,1.03721,0.992111,1.0384,0.922742,1.03166,1.02435,0.971841,1.00104,1.0534,0.911505,1.08646,1.0293,0.951131],
[1,0.919263,0.99852,1.04566,1.06893,0.946748,1.04532,0.92884,0.914698,1.02547,1.05522,1.07853,0.974654,0.976693,1.03363,0.970846,1.04362],
[1,1.05054,1.07089,1.001,1.07264,1.06539,0.983236,1.08427,1.08879,1.0382,0.943544,0.939351,0.998709,1.03334,0.93227,1.00427,1.05016],
[1,0.992007,1.08219,0.940748,0.990133,1.02955,1.06022,1.08661,1.05687,1.08402,1.03011,1.08521,1.01158,0.94217,0.967238,0.903546,0.974062],
[1,1.02391,1.02304,0.984945,1.02787,0.993515,1.07222,1.03256,1.09217,1.00154,0.97864,0.922224,0.995206,0.979806,0.971133,0.994504,0.934187],
[0.9,1.06373,0.998416,0.988681,1.08398,0.952443,0.926075,1.04186,0.963295,0.956246,0.914832,1.09893,1.05057,0.933369,1.02328,0.984219,0.972597],
[0.9,0.987338,1.09785,1.00526,1.01261,0.962679,1.01357,1.00514,0.955013,0.959676,0.998776,0.974453,0.911719,0.977236,1.03808,0.915314,0.908496],
[1,1.04164,0.929804,1.04157,1.05706,1.01947,1.02191,1.0967,1.07273,0.903082,0.957723,0.993674,1.07519,0.995621,1.04009,1.08735,0.909717],
[0.9,0.95392,1.05668,1.03838,0.928309,0.938496,1.01284,0.940657,1.00807,1.04295,0.957723,1.06289,0.975808,0.921229,1.02414,1.02278,1.03006],
[0.9,1.02884,1.07525,0.990536,0.934901,0.96971,0.945857,1.02285,0.934059,0.998379,1.03805,1.04176,0.900641,1.09941,0.92049,1.07418,1.05518],
[1,0.900726,0.963198,1.07118,0.993374,0.991403,1.09443,1.02129,1.05117,1.07534,0.925727,0.912812,0.915967,0.975674,1.00185,0.969057,1.04535],
[0.9,1.035,0.912482,0.99465,0.926075,0.932685,1.0062,0.91764,1.05137,0.954115,0.90979,1.02391,0.919324,1.07632,0.905957,0.924055,1.02204],
[0.9,0.954024,1.09413,0.969369,0.935426,0.926685,0.990359,1.06971,0.972469,1.08621,1.04556,1.06567,1.01117,0.956331,1.07848,1.03125,0.939039],
[0.9,0.947163,0.93647,0.913312,0.981991,0.977889,1.08588,1.07045,0.904285,1.00055,0.937117,1.0954,1.08444,0.922059,0.90586,1.03188,1.01911],
[1,1.06329,1.01491,0.957649,1.02983,0.932362,0.906891,0.918812,1.03074,1.0893,0.918403,0.953359,0.971798,0.976193,0.995083,0.908484,0.959133],
[1,1.05169,1.05055,1.06178,0.943593,1.03475,1.00216,0.925282,0.93603,1.09496,0.95002,0.973171,1.08703,1.05055,0.979769,1.0276,0.993118],
[0.9,1.09391,1.08037,0.980953,1.02613,0.969265,1.04558,0.974343,0.990219,1.01018,1.02518,1.02261,1.00182,0.953572,0.918683,0.996445,1.04102],
[1,0.908228,1.05777,0.997256,1.00266,1.0503,1.00947,1.04475,1.04341,0.905353,0.931599,0.959078,1.03058,1.03658,1.01009,1.05595,1.09644],
[1,0.964339,0.933528,1.07746,1.0204,0.979843,1.09951,0.958101,0.994729,0.952162,1.06417,0.916559,1.07022,0.948457,0.980782,0.928675,0.912409],
[0.9,1.01447,0.986325,0.984054,0.982101,0.920808,1.0865,1.00285,1.03689,1.01554,1.04737,0.918317,1.09667,1.01642,0.907489,0.939076,1.06266],
[1,0.964534,1.04176,1.09608,0.92541,1.00967,1.09279,0.97781,0.993313,1.01392,1.01436,0.935536,0.976675,1.02272,0.925733,0.944746,1.04913],
[1,1.09124,1.00982,0.905414,0.982485,1.00613,1.03145,0.984231,0.987216,1.05158,0.966579,1.01324,1.05054,1.05008,1.08728,1.0576,1.03288],
[1,1.04458,0.95334,0.958681,0.987973,0.943745,0.90669,0.943342,0.90799,0.937025,0.940675,0.978469,1.05587,0.940303,0.970223,1.03144,1.09281],
[1,0.987088,1.01579,0.911927,0.975112,0.935719,1.08846,0.971371,1.0648,0.96147,1.03034,0.977822,1.08083,1.01224,0.966158,0.951686,1.07814],
[1,0.980184,1.00513,0.925404,1.02799,1.0838,1.06426,1.06352,0.990988,1.0913,1.06672,1.03783,0.953005,1.06018,1.06595,0.910443,0.960598],
[1,0.973214,0.958931,1.04681,1.07067,0.968947,0.967525,0.982473,0.93285,0.914338,0.917194,1.03103,0.929237,0.994644,0.980776,0.988125,1.03048],
[0.9,1.02947,1.08713,1.09548,0.952528,0.956862,1.05207,1.03782,0.978469,1.02681,1.07897,1.00664,1.04411,0.951399,1.02698,0.938264,1.09923],
[1,1.00055,0.934681,1.09183,0.982253,1.00382,1.02533,0.907923,0.901489,1.04861,0.968276,0.992941,1.06778,0.997031,1.04712,0.986019,0.993887],
[1,0.919843,0.998453,0.990152,1.05465,1.07588,1.06753,0.928016,0.935859,0.957601,1.017,0.98359,0.993509,0.902545,1.05544,0.967568,0.986251],
[0.9,0.94377,0.947694,0.959365,0.956258,1.06312,0.970101,0.905805,1.01066,1.01441,0.98569,1.01206,0.948897,1.08072,0.987844,1.06993,0.979598],
[1,1.06774,0.935676,1.0446,1.06656,0.993442,1.01767,1.08107,0.930549,1.01916,1.07371,0.954335,1.06359,0.93075,1.09948,0.917682,1.08478],
[1,0.989181,0.955373,0.940712,1.09066,0.949776,1.06503,1.0831,0.912281,0.949861,1.03586,0.959297,1.01178,0.984689,0.978701,1.04704,1.02521],
[1,0.964351,0.96448,0.906336,0.924628,1.02632,1.08697,1.00154,1.08735,1.08431,1.00163,1.01086,0.942012,1.04458,1.03111,0.941841,1.03962],
[1,0.957753,1.06202,1.03387,1.02129,0.979354,0.956594,0.933345,0.989315,1.02787,1.09739,1.01953,0.90235,1.08221,1.0294,0.912183,1.03673],
[1,0.981204,0.963259,0.923865,0.944704,1.00536,1.06045,1.06438,1.00382,1.0552,1.02194,1.0691,1.05529,0.904242,1.06325,0.98334,0.987521],
[1,0.917707,1.05057,1.03974,0.958901,1.09166,1.07181,0.948787,0.907599,1.03562,1.01701,0.940071,0.978439,0.912848,1.0446,1.0939,0.963802],
[1,0.985476,0.918445,1.03654,1.02531,1.04773,1.06062,0.942335,0.953554,0.998325,0.986062,1.08475,1.01892,0.977926,0.95956,0.90896,1.06717],
[1,0.957076,1.09075,0.960183,0.927131,1.04065,0.93661,1.00039,1.07038,1.02751,0.901642,1.00232,0.952077,0.984487,1.03113,0.992703,0.904163],
[1,1.03224,1.02044,0.968789,1.01876,0.982083,1.05741,0.920576,1.00844,0.97831,1.07173,0.97214,1.05967,0.938545,1.05436,1.01902,0.980435],
[1,1.0806,0.980337,1.07832,0.909857,0.987539,1.09141,0.907648,0.959621,0.948793,0.904517,1.09213,0.991433,0.92776,1.05421,1.054,1.06087],
[0.9,0.943226,0.981222,0.915503,0.960323,1.00544,1.0637,1.01116,0.993002,0.901965,0.929878,0.926948,0.957656,0.90672,0.915143,1.08542,1.00078],
[1,1.09289,0.984036,0.97698,0.99031,1.09989,1.04422,0.926753,1.02854,1.08699,1.08422,1.08295,1.09112,1.02646,0.922077,1.08685,1.06797],
[1,0.914917,0.99534,0.903742,1.04932,0.940773,0.960329,1.08465,1.06849,1.02931,0.961678,0.964528,0.922767,0.94756,1.07491,1.08686,0.971718],
[1,1.0549,0.958541,1.07985,0.978518,0.916901,1.032,1.09548,0.980233,1.09602,0.951662,0.936207,0.946785,1.06644,1.02118,1.01228,0.983883],
[0.9,0.947572,1.01908,1.05586,0.957546,1.01866,1.03003,1.03199,0.957289,0.969814,0.921137,0.937873,1.06335,1.09651,1.05841,1.01817,1.01373],
[1,1.07942,0.916883,0.906207,1.00401,0.900269,0.981491,0.910956,1.05386,0.979208,0.997147,1.09291,1.06229,0.968081,0.957216,0.925178,0.950252],
[1,0.976394,0.974746,0.983755,1.02531,0.952626,0.941615,0.981234,0.984323,1.08414,0.932771,1.01675,0.952809,1.04776,0.952156,1.07505,1.08674],
[0.9,1.08789,1.01494,0.940278,1.02123,0.978011,1.09698,0.907648,1.06657,1.03601,1.03197,0.902618,0.900989,1.01736,1.00637,0.907306,1.05361],
[0.9,1.04092,0.921351,1.0401,1.01802,0.938673,0.94264,0.945375,1.05608,0.978854,0.911035,0.917536,1.07511,1.01249,1.04618,1.07942,1.06139],
[0.9,0.910675,1.06397,1.05368,1.06153,1.02999,1.07971,0.971798,0.952144,1.00012,0.912506,1.03638,1.09174,0.914545,0.969955,1.06069,1.03236],
[0.9,0.974532,0.996127,1.06329,0.982662,1.01189,1.01241,1.0954,1.04543,0.940437,1.09377,0.997568,1.05839,1.06853,1.03244,0.941212,0.962874],
[1,1.00069,1.00929,1.01091,1.09247,0.982534,1.02599,0.901062,0.920331,1.04653,1.06346,1.08346,0.939161,0.940852,0.9816,0.965157,1.0673],
[1,1.05745,1.04722,0.905194,0.987173,1.06016,0.924604,1.06066,1.02557,1.028,0.980251,0.99158,1.013,0.903534,0.904535,0.972658,0.988058],
[1,1.07137,1.09202,0.95674,1.03794,0.902173,1.0843,1.01839,1.05985,1.04906,0.906201,1.06385,1.09336,0.928254,1.06103,1.02717,0.90481],
[1,0.978091,0.972018,0.948195,0.973409,1.05362,0.99418,0.982736,1.0249,1.05917,1.02127,0.998721,0.999582,0.923865,1.09102,0.907733,0.988559],
[0.9,0.989193,0.953639,0.956441,0.995437,1.02875,0.900488,1.0026,0.947298,1.05102,0.953621,1.02279,0.929597,1.03059,1.07027,1.00246,0.914594],
[1,1.01581,1.07294,0.92602,1.02954,1.02199,0.961715,1.01314,1.08174,1.00337,0.968172,1.04858,1.09106,0.988217,1.09593,1.05636,0.980923],
[1,1.07309,1.0761,1.06067,1.08621,1.0916,1.06992,0.929945,0.929627,0.997043,1.07814,1.03669,1.09996,0.960042,0.93,0.969796,0.900537],
[0.9,0.915815,1.06785,0.987204,0.916334,0.926582,1.02509,1.07536,0.986728,1.06754,1.07593,0.911469,1.08318,1.05171,1.03921,1.06531,0.917585],
[1,1.00346,0.9991,1.01981,1.01278,0.934468,0.969863,1.05557,0.943019,0.986337,1.02128,1.07595,0.97084,0.997281,1.0212,1.02987,1.09218],
[1,1.0011,0.97065,1.00385,1.0883,0.95378,1.08791,0.932746,1.03963,0.945515,0.996249,1.09498,1.07756,1.09887,1.01167,0.991421,1.05267],
[1,1.04725,1.04586,0.904669,1.00406,1.05914,0.991873,0.926643,0.942872,1.07424,0.914893,1.06395,0.977822,0.930726,0.955544,1.02922,1.06761],
[1,0.980544,0.914576,0.959004,0.96064,1.02746,1.08239,1.03963,1.03735,1.02958,1.01577,0.911383,0.93332,1.02698,0.910108,0.940925,0.990176],
[0.9,1.0869,0.943214,0.924818,0.923572,1.01099,1.05463,1.03525,0.9712,0.992703,0.951717,0.969228,1.03762,0.95591,1.07196,1.08713,0.923493],
[1,0.992642,0.950081,0.966182,1.01072,1.02431,0.964901,1.03016,0.979849,0.974795,0.916761,1.03381,0.98384,0.940278,1.0211,0.918787,0.933735],
[1,1.02588,1.06825,1.09899,1.02769,0.995535,1.08003,1.01269,0.905426,0.907727,0.901325,1.09277,0.980587,1.09431,1.03081,1.06046,0.937556],
[0.9,0.994662,0.937349,1.01134,1.09363,1.00263,0.902081,0.942262,1.05248,0.990451,0.988168,1.00762,1.06877,0.954836,0.904016,1.08658,0.991873],
[1,0.956508,1.01444,0.947938,0.912928,0.959304,0.98276,0.964834,0.940864,0.907196,1.04122,1.09123,1.03183,1.09774,1.05786,0.941017,0.989895],
[1,0.993735,1.09448,0.984152,0.920991,1.04822,1.08719,0.906738,0.943641,0.931269,1.0182,1.07348,1.06283,1.019,0.908588,1.07328,1.05567],
[0.9,1.04152,1.07269,1.07421,0.908747,1.0154,0.981674,0.972915,0.982785,0.940999,0.987155,0.93343,0.998904,0.914093,1.06014,0.967763,1.04576],
[1,0.943129,0.981356,0.908319,1.02387,1.02374,0.977078,0.980813,0.910669,1.00094,1.08152,0.912818,0.918061,0.950142,0.974837,1.04488,0.981606],
[0.9,1.00529,0.989706,0.990524,1.08044,0.969832,1.01551,1.06303,1.08863,1.04201,0.987313,0.947041,0.944899,1.02829,0.922932,0.977535,0.979226],
[0.9,0.919514,0.921766,1.01376,0.921522,0.90708,0.943666,0.994693,1.03768,0.985281,1.01859,1.07299,0.998642,0.999582,1.02976,1.0401,1.0067],
[1,1.07756,0.925105,1.08414,1.03084,1.03294,1.05934,0.904187,1.03094,1.06629,1.01493,1.00059,1.06203,0.9829,0.923353,1.0368,1.05997],
[1,0.980361,0.916291,0.942146,1.07096,1.04346,1.01512,1.03486,1.06471,0.928193,0.917939,0.99006,1.00382,0.909595,0.938856,0.947963,0.920112],
[1,1.00826,1.00148,0.982608,0.953639,1.00693,0.918897,0.954482,1.07222,0.928663,0.981045,0.906671,0.93766,0.952669,1.08909,0.919343,1.05837],
[0.9,0.99935,1.00255,1.0672,0.903955,1.04129,0.96722,1.03338,1.02986,0.974941,1.07786,1.02957,1.0684,0.944105,1.01805,0.960134,0.940883],
[1,1.00019,0.957125,1.04345,1.02156,0.950557,0.950026,0.96277,1.07928,1.00104,0.915552,0.951595,0.947572,1.01873,1.01384,0.945271,1.07327],
[1,0.917139,1.00052,0.96556,1.09316,0.93744,0.93777,0.994137,0.982174,1.05906,1.06822,0.932905,0.927442,1.08263,0.986935,0.905762,0.930049],
[0.9,0.913196,1.09051,1.04967,0.91286,0.959383,1.03722,1.07446,1.08171,1.0096,0.957332,1.07874,1.04409,0.98934,1.03973,1.09994,0.975753],
[0.9,0.949916,1.0658,1.02049,0.951283,0.96877,1.00335,0.988339,1.01748,0.926917,1.06068,1.01527,0.957601,0.991073,0.972835,1.09029,0.9219],
[1,0.903235,1.05647,1.08127,1.01665,1.09162,0.992007,0.90896,1.02154,1.03984,0.977676,0.903455,1.05582,1.067,0.956764,1.03341,0.917835],
[1,1.0939,1.08627,0.901245,0.984225,0.938954,1.00157,0.919935,1.08634,1.00226,0.970309,0.935011,1.08543,1.0474,0.981515,1.04004,1.01893],
[1,0.997391,1.06058,0.973464,0.933625,1.03821,1.02463,1.09878,1.07443,0.95818,0.959847,1.0409,0.905133,0.993674,0.974056,0.92566,1.00031],
[1,1.07521,0.923853,0.96368,0.912152,1.08701,0.929286,0.919037,1.04875,0.916541,0.98096,0.968587,1.01026,0.930067,0.960659,1.02525,1.08303],
[1,0.997201,0.92497,0.992105,1.03227,0.908515,1.0254,0.930311,1.07142,0.912903,0.997092,1.00951,1.00457,0.940706,1.01358,0.9154,1.05554],
[1,1.04656,1.04712,0.984433,0.970626,1.07229,0.92284,0.995865,0.928816,1.09568,0.932582,1.00536,0.948592,0.998184,1.01964,0.920276,0.99628],
[1,0.971682,1.09138,0.978292,0.952913,0.902911,0.991354,0.930519,0.940095,1.00851,1.0766,1.05813,1.03887,0.97253,1.08839,1.05693,0.902863],
[0.9,0.949763,1.0477,0.999948,1.02878,0.914429,0.954634,1.00179,1.07922,0.923756,1.05915,1.0474,0.994998,1.02833,0.96039,0.986721,0.984219],
[1,1.07358,1.01053,1.06529,1.00173,1.09752,0.972884,0.924512,1.03865,0.982479,1.01252,1.07712,0.901141,1.02978,0.979134,1.01308,0.901801],
[1,1.07121,0.908979,1.09495,1.0403,0.991244,0.987112,0.924378,1.02499,1.02489,0.903082,0.985452,1.03548,0.950185,1.04324,1.05796,1.0161],
[0.9,0.912995,1.06588,0.973885,1.06542,1.09761,0.920429,1.07454,0.902167,0.976266,0.902448,0.920161,1.05315,1.07111,0.940584,0.939753,1.08652],
[1,1.04138,0.923939,1.09966,0.999484,1.02759,1.03503,1.01393,0.944148,1.04092,0.923743,0.949507,0.968508,0.965523,1.08386,1.08656,1.04784],
[1,1.0759,0.918915,1.07413,0.932954,0.95135,0.906702,0.923359,0.982205,0.908417,1.03395,1.00763,0.94742,0.910681,1.07756,1.09318,0.938917],
[1,1.09387,1.0658,1.03498,0.934437,0.928993,1.02468,0.925239,1.08364,1.05935,0.986062,0.924757,1.01105,0.968361,0.977871,1.01508,1.07606],
[1,1.00666,1.06845,1.08622,1.05624,1.07802,0.911542,0.931117,0.961806,0.951784,0.984854,1.02927,0.907263,1.01328,1.05403,1.01896,1.07196],
[1,0.929438,1.02463,0.915845,0.957424,1.0502,0.929853,1.08561,0.928175,1.08884,0.988174,0.907019,0.917408,1.03303,1.00313,0.969942,1.05405],
[1,1.00866,1.01217,0.906098,0.94286,1.08109,1.00826,1.03899,1.09669,1.01411,1.06984,0.939888,0.934407,1.08785,1.06329,0.989346,1.07507],
[0.9,0.951497,1.06138,0.908789,1.03334,0.965456,1.03337,0.992184,1.06196,1.01236,0.987002,0.970577,1.04213,1.02617,0.981375,0.983535,0.904474],
[0.9,0.979727,1.00981,1.00739,1.0761,1.01087,0.907959,1.04007,1.0907,0.946669,1.00902,1.06977,1.02846,0.976754,1.01722,1.06429,1.04419],
[0.9,1.0753,0.92129,0.967293,0.946425,0.950472,0.935371,1.02543,1.01346,0.997299,0.934303,0.960744,0.959981,1.05386,1.01572,0.944917,0.977279],
[1,0.915351,0.999344,1.01535,1.02499,0.938252,0.926557,1.01357,0.988064,1.08408,1.05931,1.07846,1.08251,1.09783,1.03342,0.990127,1.00524],
[0.9,1.09078,0.918366,1.06062,0.967647,0.918555,0.929835,0.964028,0.977169,0.931135,0.967458,1.02859,1.04067,1.00075,1.08336,0.991372,0.966543],
[1,1.00658,1.03531,0.995999,0.96534,1.02676,1.06299,1.00644,0.978927,1.07517,0.978805,1.09032,0.98995,0.984164,1.03538,0.940632,1.06681],
[0.9,1.0008,0.974264,1.0953,0.975442,1.00284,1.02449,1.02607,0.987637,1.00622,0.933863,1.02098,0.988852,0.979537,1.0788,1.00446,0.944929],
[0.9,0.956917,1.02625,0.978665,0.906513,1.06871,0.941664,0.953841,0.995212,1.02442,1.01578,1.08788,0.983724,0.907666,0.957564,1.07425,1.03045],
[1,0.990469,1.09584,0.927058,1.08627,1.06552,1.01061,1.0665,0.906104,1.02323,1.09086,0.950392,0.926167,1.01065,0.997085,0.99227,1.02087],
[1,0.967983,1.07259,1.05905,1.03312,0.907691,1.0021,0.939051,1.04416,0.951527,0.949556,0.930457,0.956441,0.991494,0.990237,1.05369,1.07015],
[1,1.03128,0.928755,1.00069,1.03272,1.07039,1.02442,1.05636,1.09277,1.04383,0.93899,0.920875,0.935926,1.02026,1.04395,1.04742,0.999637],
[1,0.921827,1.07015,0.936189,1.05107,0.929383,1.03959,0.931599,0.913392,0.917457,0.988095,1.03423,0.902075,1.03871,1.03163,1.07444,1.09133],
[1,0.914075,1.05654,1.06015,1.01212,1.00052,1.00419,1.08101,0.903833,1.02544,0.940614,0.904242,0.938514,1.00231,0.984811,0.994449,0.957686],
[1,1.04505,0.974978,0.946828,0.997818,1.09084,0.936988,0.933351,0.908441,1.08472,0.969149,1.02247,1.00348,0.955013,0.964278,1.00219,1.01938],
[1,1.05925,1.04873,0.96708,0.940986,0.964284,0.963515,0.945857,0.996542,0.938008,1.07317,0.968581,0.940938,1.0644,1.02351,0.904492,1.04623],
[1,0.999051,0.945857,0.998233,0.963375,0.9991,0.904633,1.03149,0.975875,0.901721,0.945521,0.955104,0.988461,0.946901,1.06158,0.950935,1.07244],
[1,1.09867,0.925288,1.07734,1.01712,1.03492,1.09537,0.996622,1.07277,0.921662,0.991696,1.08522,0.932423,0.991775,0.957924,1.08535,0.949965],
[1,0.929029,1.01682,1.09189,1.09509,0.969332,1.08794,1.02944,1.04882,0.951509,0.983462,1.09988,0.916895,1.05795,1.08569,1.0681,0.969149],
[1,1.08505,0.919953,0.976669,1.03498,0.93636,1.01841,1.06825,0.967013,1.0171,1.05383,1.0045,1.00463,1.04377,0.919739,1.07562,1.06473],
[0.9,0.945167,0.929444,0.999258,1.05226,1.01484,0.935688,0.92729,1.05011,1.00861,0.992801,1.03952,1.06625,1.0912,0.98367,1.05613,0.933546],
[1,0.986373,1.01953,0.99479,1.04745,1.04629,1.00308,0.901514,0.913337,1.01576,1.01704,1.02109,1.0848,1.06759,1.09308,0.908167,1.04864],
[1,1.02854,0.996994,0.923414,1.05969,0.971755,0.970473,0.976876,1.02801,0.929499,0.962593,1.04387,0.978591,0.978146,1.05024,1.07589,1.01057],
[1,0.990701,0.953481,0.924958,0.942323,1.06117,0.992856,1.02991,1.03211,0.956404,1.07779,1.06987,1.00805,1.00088,1.04825,0.984793,0.970724],
[1,1.07689,0.905628,1.08046,1.0079,1.06468,1.0925,0.967977,0.904474,0.986911,1.02155,1.09865,0.943764,1.02087,0.927052,0.971328,0.924146],
[0.9,1.0047,0.933424,0.900012,0.930506,0.982534,1.09308,0.970089,0.987637,1.06572,0.909912,1.0302,0.946187,0.961342,0.945558,1.04671,1.05324],
[1,0.95519,0.906952,1.08828,0.987478,1.00129,1.00287,1.03736,1.01142,0.970986,1.00402,0.99888,0.944838,0.978121,0.976424,1.05224,1.0172],
[1,0.903247,0.920685,0.940492,1.04939,0.963753,0.959511,1.06964,1.00515,1.02666,0.900903,1.09294,1.07909,0.914277,1.08669,1.05888,1.00403],
[0.9,1.02019,1.04543,1.08203,0.950014,0.96852,1.07833,1.0548,0.902136,1.04649,1.00423,0.908954,0.910077,0.913404,0.925404,0.997189,1.03733],
[1,0.901868,0.956758,1.02025,0.994833,0.927369,1.0065,0.902033,1.02711,1.0855,0.903583,1.08748,1.06773,1.09205,0.941279,1.07455,0.989163],
[0.9,1.06902,1.01939,1.00992,0.983639,0.915943,0.990524,0.95652,0.976736,0.999234,1.06891,0.988491,0.923499,1.09846,0.949971,1.01739,0.996017],
[0.9,1.0037,0.951253,0.915931,0.932966,1.04934,0.995737,0.976156,0.957564,1.00071,0.943074,1.09893,0.98749,1.0385,1.08022,1.03638,1.02736],
[1,1.04734,0.920002,1.02655,0.902802,1.07804,1.06516,1.09062,0.977975,0.952351,1.03693,0.908808,0.970119,1.09394,1.08353,1.07878,0.959456],
[0.9,0.943562,0.90979,0.94283,1.03399,0.933345,0.985812,1.06967,0.915711,0.920576,1.06948,1.0549,0.934602,1.09056,1.02839,0.925062,1.02285],
[0.9,0.964968,0.953883,0.916382,1.00352,1.03099,0.943562,0.936079,0.922376,0.908179,0.907978,0.963039,0.956252,1.0361,0.91413,0.939332,0.94977],
[1,0.938032,0.925306,1.05671,0.939351,1.09128,1.04488,1.02931,1.02028,1.07459,0.949837,0.950093,0.949684,1.01457,0.934712,1.01261,1.01583],
[1,0.933113,1.05712,1.07451,1.05323,0.927033,1.06779,1.08276,1.05502,1.00034,0.937281,1.02983,1.0756,0.967568,0.905304,1.04674,1.07172],
[1,0.977163,0.975454,1.0437,1.04603,0.928687,0.97922,0.929633,1.07968,1.0037,1.0751,0.932765,1.03749,0.910346,0.970009,0.938252,0.946046],
[1,1.08158,0.975765,0.968825,0.992343,0.924952,0.98392,0.937727,1.08096,0.946937,1.03296,0.910077,1.01217,0.988601,1.06189,0.982205,1.05687],
[1,1.08636,1.09091,0.953529,0.991855,0.933387,1.03414,0.971352,1.09471,1.05938,1.04197,0.922144,0.924616,0.907575,0.929267,1.02737,0.918836],
[0.9,0.961293,1.04649,1.03347,0.948653,1.06333,0.97289,1.08064,0.956563,0.905774,0.903613,0.944295,0.907831,1.09592,0.989218,0.955708,0.959944],
[0.9,1.06991,1.00998,1.08041,1.07947,0.904266,0.904852,0.955391,0.915168,0.996866,1.08303,1.08777,1.0131,0.930842,1.0592,1.04092,1.06055],
[0.9,0.913221,1.08443,1.02152,0.929908,0.930378,0.998044,0.949818,1.04415,0.970321,1.09006,0.958992,0.998886,1.04566,0.986367,1.08002,1.07512],
[1,1.04654,1.03819,0.984921,1.00813,0.963045,1.08041,0.914637,0.954848,0.999966,1.0841,0.923176,0.981814,1.02737,1.07895,0.90155,0.975405],
[0.9,1.01295,1.00012,1.00189,1.09025,1.09364,0.929505,1.02942,0.970327,0.936128,1.04177,0.909778,1.0688,1.04895,0.997732,1.0012,0.988858],
[0.9,0.927021,0.913355,1.00583,1.01722,1.08685,0.955965,1.04657,0.985092,0.925904,0.972073,0.914386,1.0851,0.959603,0.93744,1.01614,0.994498],
[1,1.00712,0.947298,1.04489,1.08671,0.990579,0.991665,0.948262,1.00503,0.936592,1.09168,0.911011,1.09758,1.00916,0.945686,0.967067,0.975552],
[1,0.988479,1.06139,0.956105,1.00849,0.911206,0.915162,0.991806,0.921632,1.07704,1.00384,1.0615,1.02302,1.08874,1.0793,0.92873,1.06429],
[1,0.967489,1.074,1.02905,1.07834,1.07261,0.90708,0.920875,0.920661,0.919202,1.0657,1.09234,1.03662,0.963497,0.906726,0.996316,0.996982],
[1,0.996304,0.940779,0.958785,1.02963,0.90492,0.928388,1.07159,1.01628,0.913929,0.962069,1.08571,0.936738,0.939576,1.09786,0.918604,1.08161],
[0.9,1.02633,1.03586,0.942586,1.09758,1.06365,1.00268,0.982742,1.02442,0.933796,1.06247,0.925855,1.02803,1.02297,1.09857,1.09623,0.912555],
[1,1.03545,1.04007,0.980526,1.0965,1.03562,0.95978,1.05484,0.990768,0.948469,0.992453,0.968496,1.03855,0.967336,1.06366,0.928108,0.970156],
[1,0.94792,1.05743,0.972188,0.965914,1.06711,0.927308,0.922846,0.905329,1.0579,0.978152,0.949428,0.941725,1.03973,1.04125,1.08943,1.06858],
[0.9,1.06516,0.936354,1.08791,0.927937,1.05341,1.05155,1.09976,1.02832,0.919831,1.02331,1.04986,1.04631,1.06768,0.954524,0.991787,1.03454],
[1,1.06003,1.01978,0.994021,0.959169,0.955037,0.928529,0.91963,0.927094,0.91579,0.956191,0.996255,0.950008,1.09378,1.06683,0.976363,0.936598],
[1,0.92851,1.07061,0.910083,0.9931,1.04351,0.982492,1.02918,0.995364,0.98652,1.01847,0.982846,0.979678,1.00747,0.904657,1.06507,0.946931],
[0.9,1.04147,0.936079,1.03218,0.976638,1.02732,0.976064,1.0684,0.952956,0.982846,1.03771,0.953871,0.920075,0.906623,0.903876,0.904175,1.03873],
[1,1.05655,0.970345,0.964937,0.94933,1.0634,0.904169,0.978945,1.02532,0.988107,0.95212,0.928571,1.01671,0.930921,1.05894,0.943342,0.943678],
[0.9,1.06232,0.975503,1.05348,0.957533,0.959835,0.92425,1.0728,0.93448,1.02934,0.999478,0.941646,1.00729,1.08419,1.08111,0.960146,0.955757],
[1,0.9305,0.979482,0.920551,0.905438,1.00998,0.968252,1.02923,1.08458,0.966866,0.985403,1.00227,1.02831,0.938148,1.09113,0.945534,1.05978],
[1,1.02685,1.03523,0.948933,1.04357,0.995645,0.901691,0.986044,0.957418,0.974239,1.01836,1.04006,1.09944,1.08798,0.90188,0.9829,1.0879],
[1,1.03001,0.961141,1.04376,1.00495,1.0832,1.09607,1.01537,0.981674,1.01626,1.09358,1.07378,0.930543,0.966457,0.945106,0.935029,0.932459],
[1,1.00078,1.06564,0.937178,1.03199,0.996115,0.927546,1.05348,1.03987,0.913416,0.918787,0.952223,1.02037,1.05932,1.06608,1.01352,0.95237],
[1,1.02562,0.949336,0.958272,1.01181,1.04835,0.932722,1.04129,1.09952,1.06592,0.964907,0.90918,0.945112,0.953609,0.91156,0.990402,1.08674],
[1,0.939448,1.04922,0.93791,0.924751,0.984701,0.905847,1.05219,0.945442,0.984005,1.06791,1.05367,0.975265,1.09992,0.97947,0.914924,1.08219],
[1,1.09396,0.963314,0.921314,0.921998,1.07705,1.09716,1.01148,0.953444,0.946022,0.99285,1.03876,1.06167,1.05158,0.984353,0.943233,0.900732],
[1,0.99606,1.04518,0.929463,0.981594,1.01051,0.966958,1.07067,1.03244,1.05213,1.00689,1.01466,0.934407,0.968191,0.921314,1.09805,0.960988],
[0.9,0.971041,0.989199,1.05442,0.943757,0.988638,0.911634,1.08054,0.927625,0.922553,1.03653,0.976357,1.0775,1.01448,0.975588,0.996304,1.06142],
[0.9,1.00559,0.963625,0.948781,0.95212,0.955824,0.933149,1.04712,1.03368,0.989651,0.971523,0.986233,1.03212,1.01146,1.06139,1.03083,1.01555],
[1,1.03556,0.902857,1.05683,0.911213,0.947548,1.09501,1.01833,1.04617,0.984713,0.95624,1.01993,0.974795,0.930146,0.931123,1.0465,1.08716],
[0.9,1.03366,1.05099,1.03932,1.02048,0.937324,1.00959,1.01301,0.976424,0.96227,1.08496,1.05072,0.928407,0.941066,0.954097,1.09741,1.01389],
[0.9,1.05671,1.08015,1.01313,0.946779,1.02065,1.05685,1.02787,1.01693,1.02057,0.965389,0.95895,0.908527,0.925941,1.00448,1.08896,1.03805],
[1,0.977255,0.976119,0.92768,0.969796,1.02912,0.965944,1.09576,0.931446,0.910981,0.926533,1.07554,0.967208,0.999069,0.914063,1.04392,1.01021],
[1,0.974569,1.04101,0.905365,0.991055,0.988278,1.06216,1.05863,1.07068,0.962844,1.00326,0.925666,0.944142,1.08157,0.941078,1.0963,1.08199],
[0.9,0.929371,1.03078,0.938618,1.08819,0.992416,1.00445,0.943672,1.05153,1.097,0.916651,1.09994,0.991989,0.984164,0.920508,0.919263,0.960445],
[0.9,0.929548,0.927564,1.07969,0.900739,0.957595,1.07019,1.0532,0.93119,0.948079,1.04895,1.0791,0.928169,1.04907,0.92212,0.975338,0.959828],
[1,0.998398,1.0225,1.06421,0.918067,0.956453,0.93039,0.974429,0.945442,1.02097,1.03482,0.953511,0.972024,0.926655,0.93058,0.920338,1.03153],
[0.9,1.04704,0.947792,0.922205,0.999716,0.972628,0.914429,0.976815,1.018,1.03434,0.99097,0.928248,0.922504,0.938539,0.942726,0.927137,1.02159],
[0.9,0.929347,1.06767,1.01324,1.02137,0.983071,1.07785,0.939351,0.960976,1.04673,0.930433,0.977822,1.07603,0.952791,1.03089,0.903784,0.966579],
[1,0.938453,0.951302,1.09504,1.08136,1.07678,0.906592,1.03132,0.927375,0.990121,0.964254,1.00931,0.907996,1.00166,0.977566,0.900928,1.01229],
[1,1.0342,1.01398,0.904425,1.01939,0.988546,1.02011,0.964858,0.942665,1.08199,1.01911,0.922431,1.02845,1.08227,1.04576,0.958852,0.973562],
[1,1.02553,1.06658,0.994089,0.926307,1.08533,0.94153,1.07225,0.984713,1.0256,0.99183,1.05529,0.991983,1.06001,0.943751,0.96252,0.995749],
[1,1.02624,0.956825,1.05824,0.993124,1.01515,0.936879,0.904633,1.01339,0.918567,1.0063,0.940577,1.02332,0.984298,0.976034,0.970064,1.0005],
[0.9,0.956154,1.04497,0.942885,1.04385,0.993411,0.977486,1.05657,1.03666,1.0107,0.946706,1.06104,0.960701,1.00473,0.930549,1.01831,0.942494],
[0.9,0.994382,0.992178,0.911145,1.02251,0.967495,0.943666,0.93675,1.02777,0.938746,0.96921,0.941053,1.07559,0.90257,1.08756,0.96166,1.07162],
[0.9,1.08179,1.05098,0.953676,0.992428,1.00268,0.991147,1.07187,1.07988,1.0396,0.906342,1.07689,0.927522,0.965297,0.95345,0.972726,0.999173],
[1,0.972622,1.09023,1.04855,0.926026,1.07879,1.03744,1.09303,1.08467,1.07545,0.983224,0.987802,0.985592,1.07201,0.930366,1.03166,0.91106],
[1,0.934333,0.93564,0.995614,0.910242,0.923994,0.985885,1.06257,1.03015,1.08057,0.931831,1.08442,1.06559,1.03097,1.03106,0.973305,0.925593],
[1,0.982009,0.907776,0.952736,1.06114,0.975924,0.902155,1.04009,0.991171,0.999045,1.02472,1.00163,1.00355,1.01659,0.970998,1.07749,1.09794],
[1,0.998312,0.955123,0.933528,1.01537,0.928004,0.98782,1.09865,0.944893,1.02141,0.991665,1.04469,1.00473,1.03594,0.902344,1.04088,1.05837],
[0.9,1.07291,1.00594,0.916199,1.08539,1.09379,0.972915,0.965847,0.966335,0.916395,1.04355,0.934242,0.933119,0.961434,0.988272,0.912543,1.00497],
[0.9,0.948183,1.07519,0.965285,1.04133,0.995242,1.02438,1.05329,0.950661,1.00689,0.99114,1.08575,1.0414,1.01141,1.02436,1.01494,1.05986],
[1,0.998868,1.02936,0.901654,0.9832,0.973989,1.00305,1.08844,1.08403,0.933705,1.00022,1.07929,0.930403,1.0397,1.04101,0.998221,1.09691],
[1,1.03499,1.05889,1.01571,1.0842,1.08831,1.06783,0.991849,1.01749,1.09114,1.08754,0.939216,1.08295,0.991244,1.04039,1.09344,1.06518],
[0.9,0.935017,1.05801,0.965523,0.958742,1.09611,1.03985,0.920301,0.906317,1.07895,1.03063,1.08203,0.963143,1.05005,0.989908,1.0947,0.928956],
[0.9,0.98666,1.09452,1.06597,0.974667,0.955086,1.06722,0.951772,0.991763,1.02124,1.09337,1.06869,1.04755,1.05655,0.912653,1.03558,1.07147],
[1,0.938728,1.08855,1.02404,0.907178,0.955599,0.916712,1.01458,0.976485,1.0269,1.0593,0.934883,0.918641,1.0494,0.970302,1.09024,0.915955],
[1,0.957009,1.00891,0.933357,1.08004,1.09856,0.911377,1.03564,0.971096,0.950844,1.02066,0.981582,1.09505,0.944032,0.994839,1.05138,0.948158],
[1,1.06309,0.963405,1.05741,1.02793,0.946559,1.03678,0.91792,1.04866,0.945161,1.05582,1.02449,1.01336,1.07172,0.992709,0.928565,0.963448],
[1,1.04469,0.951875,1.09365,1.00989,0.941835,1.08787,0.972524,1.00528,0.981875,0.922364,0.905591,0.995224,0.948164,0.90459,1.04723,0.910382],
[0.9,0.999826,0.967751,0.941548,1.06156,1.05494,1.08168,1.07957,1.05538,0.9081,1.04373,0.952589,0.987283,0.973885,0.918525,0.941835,1.08835],
[1,1.03046,1.05709,1.08052,1.07165,1.0998,0.953206,1.05201,1.06088,0.971474,0.968954,1.06592,0.975082,0.942622,0.969295,0.958351,0.913153],
[0.9,1.07245,1.08213,0.994052,0.940034,1.04303,1.05254,0.94463,0.978249,1.03233,1.05129,1.01286,1.08676,1.04727,0.94485,1.03768,0.933638],
[1,0.973605,1.00669,0.929975,0.922492,1.06781,0.933082,0.924158,1.01863,0.946883,0.982913,0.945125,0.949428,1.05812,1.08398,0.900592,1.01842],
[1,0.947615,1.03667,1.04673,1.06375,0.934706,1.06503,1.01664,0.917573,1.09693,0.963881,1.09359,0.975967,1.02478,0.959108,0.907862,0.924262],
[1,1.09162,1.07746,0.986355,0.917743,1.07736,1.05307,0.914533,1.00763,1.06612,1.06667,1.06883,0.955104,1.00543,1.06484,0.942048,0.984243],
[1,1.00809,0.986715,1.03522,1.0834,1.01749,0.900262,0.933735,1.07691,0.949776,1.02471,1.0172,0.994015,1.08225,1.01693,0.948647,1.04455],
[0.9,1.04598,0.949879,1.07605,0.987381,1.07361,0.985012,0.948238,1.04313,1.07417,0.925617,0.962508,0.903375,0.950264,1.02878,0.952791,0.950807],
[1,0.959285,0.943953,0.95309,1.09473,1.08721,0.984078,0.991098,1.01535,1.09214,1.05677,0.946907,0.917261,1.00528,1.07982,0.932875,0.966268],
[0.9,1.09645,0.942885,0.910096,0.907111,1.06535,0.907178,1.03899,0.950838,0.955855,1.03193,1.09196,1.06233,0.954402,1.00481,0.964992,0.976308],
[1,0.947908,0.977554,0.977511,1.07491,1.09904,0.953401,1.08304,1.09704,0.902875,1.0722,0.91258,0.919758,1.0932,0.948042,1.07784,1.04602],
[0.9,1.09124,1.02222,0.922584,0.993435,1.00946,0.942335,0.900763,0.954634,0.904669,0.922242,0.958553,1.00628,1.02196,0.911914,1.0903,0.932649],
[1,1.08106,0.970144,1.06133,0.925636,0.979592,0.995712,0.95743,0.9099,1.03602,0.91792,0.958919,1.07339,1.02492,0.963503,1.03411,1.06551],
[1,1.05632,0.942769,0.912964,0.967934,1.04376,0.981906,0.907215,0.90213,0.934431,1.09764,0.994015,0.947993,1.05351,1.04428,1.02104,0.930512],
[0.9,0.971975,0.900067,0.927754,0.964968,0.924085,1.0398,0.997324,1.05912,1.0256,0.905628,0.922022,1.01885,1.04375,1.06266,0.90586,1.03418],
[1,0.958144,1.05171,0.962618,1.03039,0.999643,0.951845,1.08248,0.927577,0.985092,1.02268,1.01379,1.02601,1.04117,0.914795,1.01309,1.03123],
[1,1.02972,0.948201,1.02263,1.05257,1.07447,0.959432,1.09503,1.08936,1.08539,0.913288,1.02245,1.09367,1.05223,1.05505,0.925391,1.0349],
[1,0.96639,1.023,1.06324,1.07749,1.03438,1.05103,0.98041,1.03036,0.938002,1.02731,1.06861,1.07908,0.958553,0.94557,0.933857,0.943928],
[0.9,1.07908,0.92013,1.00169,1.06617,1.07529,0.95038,0.987533,1.0793,0.922773,0.950764,0.947267,0.949043,0.971676,0.914356,1.07131,1.09536],
[0.9,0.960561,0.941408,1.05308,0.929163,1.04643,1.02165,0.924226,1.00389,1.08624,0.924763,0.903931,0.927754,0.935493,1.08509,0.986502,0.925703],
[1,0.969466,1.05788,0.980667,1.0958,1.05721,1.08058,0.903583,1.00744,0.920521,0.977554,0.907007,1.04893,1.03653,0.921027,0.963387,0.935401],
[1,1.03276,0.929426,0.930836,1.00346,1.00182,0.917701,1.05815,1.00952,1.02622,1.09677,1.0239,1.02415,0.984634,1.00105,1.01358,1.02452],
[1,0.931727,1.01394,1.07943,1.01213,0.929963,1.01844,0.957772,1.03319,0.90351,0.972237,0.91872,0.946211,0.988229,1.01282,1.01476,1.09887],
[0.9,1.0626,0.938911,0.931367,0.936976,0.929719,0.947279,0.93368,1.07786,0.973342,1.0883,1.08288,0.949867,1.08957,1.06984,0.966762,0.955281],
[1,0.995456,0.900134,0.973244,0.919739,0.901068,1.03985,1.03956,1.09919,0.923188,1.00493,0.911286,0.999106,1.03015,1.00809,1.0973,0.951918],
[1,1.00472,1.03617,1.02756,1.00819,1.06581,1.00252,1.03934,0.960982,1.0809,1.0232,0.920539,1.06464,0.997317,0.984378,0.927943,0.902802],
[1,1.01102,1.02858,1.0487,0.952638,1.09977,0.925929,1.01152,1.06248,1.08671,1.08182,0.995737,0.94836,0.931013,0.990249,0.904535,1.04497],
[1,1.05953,0.918671,1.09337,0.90849,0.958663,1.08191,0.909589,1.07831,0.984677,1.02441,0.939607,1.05833,0.90672,1.05522,0.90672,1.02712],
[1,0.955202,0.957949,0.975008,1.02984,0.90152,1.01537,1.0749,1.02973,1.05512,0.938881,1.01908,1.0503,1.04223,1.00647,1.00339,0.914722],
[1,0.918336,0.939778,0.949324,1.04701,1.03113,0.978738,0.941401,1.02087,1.02846,0.922687,1.02404,1.06272,0.933985,1.01164,1.04408,1.03137],
[1,1.0624,1.06957,1.06728,1.09141,1.0425,0.992923,1.00815,1.03008,1.06019,1.08603,0.948604,0.974801,1.05161,1.06353,1.07527,1.07399],
[0.9,0.91059,1.00851,1.03892,0.994247,1.03138,0.982003,0.929933,1.02926,0.974471,1.09157,0.935108,0.960915,1.09145,0.944246,0.947871,1.06531],
[1,0.939113,1.04961,0.962423,0.90268,0.910944,0.90365,1.05925,0.93263,0.96805,0.966823,0.940089,0.95754,1.05547,0.924805,1.0855,1.02298],
[0.9,1.05762,1.00087,1.07655,1.09204,0.94134,0.936103,0.933857,1.06427,0.992557,1.07754,1.02781,1.01712,1.06149,0.993356,0.997293,0.903589],
[1,1.01382,1.07155,1.07585,1.07254,0.927448,0.906568,1.0012,0.930628,1.07456,1.02962,0.953407,1.06656,1.01917,0.948268,0.910657,0.943117],
[1,1.08008,0.991458,0.991244,0.907526,0.959273,1.05959,0.920057,0.970339,1.07665,1.02954,0.925629,0.962404,1.00883,0.903534,0.904907,0.98207],
[1,1.07147,1.08093,1.08224,1.00555,0.904932,0.945564,1.06697,1.0939,0.976742,0.926246,0.916633,1.02947,0.936976,1.0826,0.922797,1.02638],
[0.9,1.03947,0.914087,0.989047,0.912519,1.06258,1.05441,1.04269,1.01728,1.08293,0.994583,1.00325,1.03802,0.976327,1.05885,0.94308,0.922645],
[1,1.04728,0.908515,1.09239,1.02222,0.93553,0.945698,0.989401,0.962117,1.05312,1.09084,0.930958,0.994455,1.0214,1.08114,1.0016,1.07707],
[1,1.04277,1.01435,1.09634,0.951082,0.911921,1.0724,0.907245,1.01826,1.04545,0.962368,1.07855,1.04204,0.977084,0.910492,0.949202,1.0525],
[1,0.932954,0.902448,0.904712,0.961672,0.911542,1.06368,1.01014,1.03791,1.02607,0.928352,1.07772,0.991275,1.07453,0.926362,1.04609,1.02125],
[1,1.02881,1.08796,1.05159,0.943171,1.00372,1.06805,1.08158,1.08815,1.02685,0.935798,0.932899,0.972372,1.05373,1.0341,1.04851,0.95226],
[1,1.00523,1.09966,0.919587,0.951662,1.07542,1.05744,0.911975,1.0652,0.999026,1.08497,1.06125,1.04092,1.0439,0.90658,0.910926,0.998703],
[1,1.01017,1.03415,1.00873,1.08482,0.939015,0.983187,0.967776,0.950533,1.02933,0.901874,1.08701,1.0345,1.04969,1.03219,1.09725,1.07405],
[1,1.04621,0.978091,1.04296,1.01745,1.03466,0.917145,1.09885,1.07164,1.0835,0.90553,1.02157,0.962099,1.06946,1.07601,1.02389,0.917402],
[1,0.989889,0.915687,0.926417,0.971554,0.979098,0.902881,1.06641,0.94886,0.949483,1.00238,0.983181,1.01089,0.951753,0.954372,1.07938,0.9803],
[1,1.01301,1.06721,0.996298,0.927607,1.09695,1.04196,0.919239,1.0363,1.0809,0.932374,1.00442,1.06194,0.909375,1.08428,0.976131,1.04609],
[0.9,1.03366,0.93357,1.06987,1.01575,1.02545,1.01943,0.972854,0.992685,0.934193,1.08273,1.08972,1.09567,0.943074,1.06705,1.01053,0.992056],
[1,0.955342,1.07125,0.919367,1.06786,1.00273,0.980508,1.02996,1.04324,1.0883,1.08896,1.00791,1.00303,0.917463,0.907453,0.939473,0.93191],
[0.9,0.980343,0.918287,1.06899,1.07594,0.920045,0.966579,1.06918,0.998349,0.909223,0.953645,0.972744,0.907849,1.07678,1.09285,1.03929,1.02649],
[1,1.09838,1.00249,1.02441,0.91673,0.983053,1.00177,1.04988,1.02079,0.978323,0.947145,1.05967,0.935353,0.957869,0.973537,1.08111,0.982083],
[1,0.940834,0.936982,0.985257,0.991507,1.03585,1.06464,0.939625,0.990274,1.03249,0.960396,1.00199,0.934376,1.0664,1.08069,0.912909,0.972506],
[1,0.931031,1.05479,0.960732,0.99631,0.974154,1.05241,1.08572,0.971352,1.08853,0.922425,1.04134,0.992196,1.00852,1.07786,1.04023,0.966036],
[1,0.993924,1.04115,0.963149,0.944722,1.04152,1.07376,0.96766,0.938581,1.09439,1.04189,0.992825,0.945131,1.01651,1.08652,0.916968,0.925568],
[1,1.08981,1.09643,0.902393,0.910034,1.00141,0.911646,0.946089,1.09254,0.96827,0.902771,0.993362,1.00169,0.949184,1.05089,1.02837,1.00274],
[0.9,1.06129,1.058,1.00675,1.07857,1.00489,1.01259,1.09349,1.04688,0.974087,1.00328,1.06442,0.991446,0.9094,1.06725,0.931898,1.00334],
[1,1.03211,1.05114,1.00301,0.985269,1.03064,0.900818,1.02326,0.90141,1.09723,1.01888,1.02691,1.08294,0.977163,1.09964,1.04053,1.02173],
[1,0.9584,1.08542,0.952016,1.00882,0.970046,1.08709,1.04696,0.994815,1.08753,1.04457,1.03578,1.07156,1.04683,1.04062,1.09798,0.917048],
[1,0.974343,0.990689,0.996719,1.03365,0.997189,1.06551,0.937916,0.925959,0.933802,0.930988,0.967409,1.00381,1.06889,1.01716,1.04289,0.950838],
[1,0.998166,1.00995,0.926051,1.00652,0.929438,1.01569,1.04801,1.0094,1.05552,0.910211,0.915345,1.04723,0.944813,1.06724,1.06991,1.0055],
[0.9,0.955116,1.00865,0.987173,0.9537,1.08953,1.05071,0.936525,1.04509,1.09897,1.0657,1.07918,0.901544,0.934523,0.969643,1.05931,0.913697],
[0.9,0.994772,0.955397,1.02082,0.918097,1.03928,1.05573,0.909296,1.0112,0.903522,0.974947,0.988052,0.948921,0.918763,0.992819,1.09716,1.07289],
[1,0.996579,1.00589,1.08236,1.05215,0.907965,1.05654,0.927937,1.06699,0.976345,1.0101,1.09938,0.931666,1.01905,1.05022,1.0388,1.0407],
[0.9,1.0016,0.910492,1.08598,0.959572,0.919044,1.05875,1.00866,1.08185,0.903522,0.984616,0.993478,1.03889,0.901416,0.973305,0.911933,0.935029],
[1,1.00299,0.920582,0.927277,0.977877,1.06668,1.02062,0.97156,0.959261,0.938099,1.08501,0.966158,0.940596,0.913105,0.959578,1.07377,1.03356],
[1,0.94402,0.903211,0.98793,0.993319,1.05933,0.932228,1.04831,0.953084,1.00777,1.05255,1.04394,0.93592,1.03172,1.01839,0.968056,1.09426],
[1,1.07988,1.00291,0.983779,0.970772,0.982253,1.04675,1.00757,1.00901,1.01263,1.09894,1.08548,1.07843,1.075,0.959706,0.980282,0.900574],
[1,1.00038,1.01167,0.915345,0.996658,1.06073,0.989328,1.00663,0.948878,1.02944,1.09653,0.976693,0.968795,0.964071,0.955208,1.07579,1.05738],
[1,1.00411,0.992911,1.03211,1.0515,1.02091,1.01426,1.07666,1.02061,0.919819,0.955489,0.969155,0.904309,1.05582,0.974038,1.07021,1.02207],
[1,1.06777,1.05193,1.06037,0.984616,0.966243,1.04922,0.943922,1.04715,1.02073,1.01459,1.09615,0.941182,0.999374,0.957723,1.04552,0.908765],
[0.9,1.05107,1.03374,1.04751,0.94261,1.08272,0.982211,1.03631,0.980264,1.03775,1.0729,1.01762,0.914063,1.08938,1.09991,0.967812,1.03893],
[1,1.04807,0.986447,0.994101,1.08118,1.05462,1.0361,1.06894,1.09042,1.01043,0.963747,1.06358,1.08503,0.956929,0.935096,0.911097,1.0753],
[0.9,0.913013,0.967159,0.961513,1.04161,0.911347,0.973513,1.06852,0.952223,1.05541,1.00158,0.939937,1.06209,0.980325,0.982363,0.973507,0.90589],
[1,0.928925,0.978561,1.01001,0.967904,1.05771,1.03712,1.03431,1.09073,0.91493,0.949721,0.959731,0.976717,0.914283,1.04724,0.977725,0.999307],
[1,1.05001,1.03793,1.07762,0.987228,0.955446,0.910309,0.915101,1.04872,1.03542,0.918024,1.02602,1.0829,0.924665,0.997183,0.981057,0.940681],
[1,1.03983,1.00336,0.954677,1.00184,0.976424,0.946187,0.93122,1.06844,0.953975,0.983474,1.0037,1.01557,1.06614,1.04451,1.05348,1.09143],
[1,0.924018,0.904663,1.09879,0.996426,1.09891,0.998917,0.99559,1.0584,0.982864,0.956612,1.0364,0.966512,1.0501,0.930592,0.93625,0.955074],
[0.9,0.958712,1.03794,0.926673,0.910456,1.02148,0.964071,1.02096,0.96147,1.01103,0.935224,0.985342,0.943013,0.917689,1.03522,0.903974,1.09573],
[1,1.00504,0.94109,1.06529,0.926807,1.04648,1.05513,0.985098,1.05081,1.01676,0.939711,1.07823,0.931129,1.09548,0.947975,0.909632,1.09995],
[1,1.0562,0.920112,1.02599,0.965792,1.02322,0.973061,0.999228,1.06738,1.0018,0.945454,1.08299,1.0371,0.95818,1.09417,0.939961,1.08694],
[1,1.02892,1.03832,1.02037,1.06138,1.0232,1.04405,1.08007,0.923865,1.09421,0.906012,0.918,0.992019,0.983291,1.03974,1.06899,1.01739],
[1,0.916279,1.00898,1.00457,0.936848,1.06247,0.97947,1.06323,1.05873,0.978701,1.05903,0.918244,1.07699,0.980575,1.06349,0.934382,0.960762],
[1,0.955776,1.01159,0.943886,1.04615,0.946864,1.0073,1.08304,0.950215,0.968905,1.04195,0.966256,1.07074,0.901929,0.943886,1.0031,0.995138],
[0.9,0.990054,1.02769,0.926191,0.945173,0.998569,1.04595,0.965438,1.06924,0.92953,1.05811,0.970425,0.95992,1.0503,0.988009,1.09204,1.09749],
[1,1.05016,0.998172,1.04397,0.959597,0.985995,1.08995,1.01952,1.03374,0.900574,0.916803,1.08223,1.05059,0.930818,1.0966,0.992648,0.985971],
[1,0.947096,0.944429,0.918024,1.02651,0.935041,1.04217,0.918635,0.907703,0.949001,0.907739,0.959322,0.994107,0.902319,1.09651,0.987808,0.901215],
[1,0.904419,1.03158,0.900574,1.0827,1.04745,1.08463,1.08455,0.933076,0.994504,1.03363,1.01272,0.985934,1.03518,0.979867,0.971187,0.913111],
[1,1.01306,1.07606,0.910608,0.958535,0.993435,0.952187,0.987057,0.944685,0.998233,1.01875,1.03235,1.01014,0.988919,0.912555,1.07251,0.967544],
[0.9,1.08055,1.01717,1.03651,1.09312,1.07271,0.905927,0.929615,1.07042,0.966597,0.959694,0.92328,0.940547,1.0548,1.04344,1.09457,0.95638],
[0.9,1.04648,1.00531,1.04304,0.974215,0.986605,1.01476,0.985049,1.0579,0.944282,0.90188,1.08419,0.95591,1.03319,0.978884,0.944203,0.935908],
[0.9,0.976803,0.938917,1.07584,1.05298,1.0847,1.01958,1.06655,1.04565,1.02361,1.01806,0.927381,0.98851,0.936555,0.901929,1.06585,1.02826],
[1,0.937794,1.01272,1.0809,0.968184,1.01903,1.06374,1.03153,1.04153,0.914258,0.959243,1.02057,0.990262,1.09275,1.03294,0.922431,1.06467],
[1,0.960994,1.02312,0.9631,1.02102,0.942885,1.00284,0.90907,0.943696,1.04503,1.03001,0.994321,1.08492,0.938624,1.07278,1.06919,0.929328],
[1,1.03442,0.96147,1.08071,0.94471,1.01874,0.90509,0.901086,0.906787,0.931941,0.959713,0.976803,1.09413,0.926917,0.90268,0.967702,1.05146],
[1,0.974459,1.09587,0.98218,0.921546,0.958815,1.03001,0.920099,1.0809,0.979043,1.02181,0.945418,0.92815,1.09146,1.0505,0.976028,1.04293],
[1,1.03183,0.965523,0.961824,0.974856,1.04784,1.03904,1.09587,0.951558,1.05345,0.998239,0.94051,1.0997,1.0164,0.926777,0.984402,1.03464],
[0.9,0.927253,1.02331,0.958235,0.970797,0.921192,1.08534,0.908155,0.910297,0.94311,1.07372,1.05448,0.915412,1.05993,0.933436,1.02486,1.01543],
[1,1.04795,0.939344,0.938929,1.0527,1.07219,0.936354,1.06102,0.980294,0.908185,1.07079,1.03387,1.02273,1.02954,0.965755,0.956636,1.07718],
[1,1.09899,1.04111,1.07317,1.01878,0.905335,1.02935,0.944838,0.920063,0.976479,0.919434,1.07846,0.964193,0.939192,1.05578,1.06671,0.995511],
[0.9,0.94004,0.900757,1.05193,0.990902,1.0191,1.03154,0.906165,1.03731,1.00609,1.03138,1.00578,1.09618,0.991086,1.08729,0.918348,0.97897],
[0.9,1.05713,1.08792,1.00052,0.939155,0.919984,1.00904,1.08191,1.03918,0.951784,1.02469,0.981863,1.05837,1.05773,1.05418,0.937849,0.998093],
[1,1.05744,1.09827,1.0285,1.0995,0.94192,1.02683,0.900311,0.900989,0.918232,1.06053,0.996023,0.969131,1.01095,1.00233,0.97676,1.01043],
[1,0.929878,1.08118,0.994186,1.01375,1.00149,1.03249,1.05633,1.03569,1.04061,1.00999,1.00986,1.00485,0.980166,1.04126,0.993252,0.942268],
[1,1.07132,1.08792,0.954164,1.0732,1.06501,1.03613,1.00329,0.99968,0.998837,1.09055,1.08524,0.979476,1.09844,0.926655,1.01628,0.935859],
[1,1.04933,0.938527,0.972164,1.03851,1.02475,0.94919,0.90943,0.978665,0.969076,0.959694,0.933802,0.97897,1.02489,0.991226,0.934889,1.01088],
[1,1.01288,1.0165,1.02993,1.09757,0.928553,0.960738,0.908167,0.975607,1.01899,0.927052,1.06235,1.05569,1.04512,0.967135,1.03395,0.923536],
[1,1.03717,0.977566,0.945967,0.948445,1.08858,0.913636,0.937562,0.962111,0.918543,0.901886,1.06534,0.920386,0.961525,0.991763,1.02244,0.919275],
[1,0.906043,1.00235,0.992923,1.09709,0.913916,0.904627,1.02124,1.06797,1.04976,0.903607,0.948921,1.07864,0.933845,1.01121,1.02194,1.04596],
[1,0.965145,1.04796,0.98453,1.04545,1.07377,0.986764,1.06041,1.08195,0.948824,1.07707,1.0357,1.0398,0.957314,1.00583,0.985495,0.985598],
[0.9,0.926508,1.06833,1.08722,0.914191,1.03227,1.03136,1.02325,1.03279,1.09061,1.03155,1.04429,1.06298,1.04552,1.05424,1.04255,1.0837],
[1,0.910041,1.08585,1.09239,0.939558,1.09168,0.972311,0.965835,1.03982,1.07172,1.06207,0.990194,0.936262,0.92262,0.942073,1.09138,1.09071],
[0.9,0.980477,0.99711,0.923621,1.05264,0.9266,1.06182,1.06438,1.09331,1.01297,0.98572,0.919044,0.923981,0.91543,0.959297,0.962001,1.08411],
[0.9,1.06438,1.05766,0.950868,1.00741,1.0631,1.01846,1.09013,1.0469,1.00609,0.905542,0.979537,1.03022,0.990957,1.07813,1.08527,1.02732],
[0.9,1.09807,0.97344,1.08488,1.06556,1.09567,1.03759,0.968844,1.04258,0.903125,0.923395,1.01532,0.90586,0.961788,1.03196,0.945753,1.01692],
[0.9,0.982766,1.00293,1.04358,1.05406,1.01775,1.06388,1.04626,1.03989,1.02757,1.086,0.964541,0.912653,0.981442,0.94264,0.93556,1.08965],
[1,1.00435,0.9751,1.04116,0.944319,0.922126,1.05293,0.989608,0.926948,0.968819,1.09355,1.03234,0.98511,0.995047,0.933473,0.994632,0.938392],
[1,0.966524,1.01894,1.08764,1.06382,0.908203,0.996774,0.944319,0.926667,1.01043,1.04942,1.0135,0.92259,0.957991,0.963631,0.911505,0.972597],
[0.9,0.988803,0.999686,0.96426,0.992422,0.901581,1.01535,0.983786,0.948775,0.944404,1.08129,1.0125,0.953731,0.944075,0.975021,1.04412,0.947407],
[1,1.0391,1.07883,0.945698,0.964919,1.01361,0.95071,0.983163,0.974789,0.972298,1.04457,0.987564,0.916572,1.04332,1.05841,0.917292,1.05778],
[1,1.06796,0.992929,1.0934,1.07557,1.04933,0.954213,1.09999,0.964492,0.916144,0.973641,0.919953,1.05618,1.0274,0.957949,0.981997,0.917676],
[1,1.06875,1.0643,0.925544,0.937855,0.993533,1.00639,0.95497,1.0672,0.998361,1.07624,0.90376,0.911823,1.0934,0.998538,1.03231,1.08718],
[1,0.950636,1.0008,0.935817,1.04877,0.932337,0.98497,0.905237,1.0454,1.01567,0.951637,1.04628,1.02614,1.08108,1.07521,1.08856,0.943611],
[1,0.976449,1.0491,1.00858,1.09312,0.964876,1.03038,0.920698,0.901672,0.965743,0.96415,1.06222,0.992758,0.913178,0.957112,1.08578,0.99017],
[1,0.994864,1.02762,0.905963,0.999216,1.06031,0.977456,1.05589,1.03743,1.02269,1.03619,0.911176,0.96971,0.953694,0.992795,0.992874,1.06892],
[1,1.05159,1.01508,0.91164,1.05527,1.04115,0.983157,0.908411,1.02794,1.03612,1.05339,0.94991,1.09423,1.02314,1.06007,1.05044,0.959328],
[1,0.916608,0.969967,0.943098,0.93451,0.996518,1.09583,1.0598,0.928596,0.900867,0.965517,0.974709,0.995059,0.918268,0.911786,0.99404,1.0021],
[0.9,1.01114,0.944234,1.00254,1.04222,1.01717,1.09698,1.08372,1.0246,1.05994,0.996225,0.91156,0.939692,0.992532,0.943312,0.900104,1.09128],
[0.9,0.996652,1.0375,0.924708,0.915345,1.04204,0.900073,0.909973,0.93318,0.989926,1.08542,0.967275,1.02015,1.05598,0.99592,1.04148,0.98547],
[0.9,1.00394,0.931648,0.983657,0.946327,0.929829,0.981857,1.06694,1.04206,1.06418,0.939637,1.035,1.04219,1.06532,0.988223,0.963234,0.945228],
[1,1.05888,1.09078,1.03507,1.00362,1.02955,1.0495,0.918928,0.955129,0.916114,0.915326,1.09845,1.02508,1.06243,1.06302,0.930256,1.00067],
[1,0.90578,0.932282,0.955593,1.03183,0.900842,1.09194,0.950362,0.90174,0.902289,0.932563,1.05799,0.996951,1.04248,0.994339,0.946352,0.948677],
[1,1.08583,0.948439,0.981918,0.997543,0.962545,1.05171,1.07226,0.924921,0.988693,0.937861,0.951619,0.978402,1.03835,0.904297,1.06897,1.0877],
[1,0.998349,0.91247,0.997842,1.08731,0.995761,0.999106,0.925141,1.07231,0.95453,0.938203,0.991714,1.03076,0.975356,1.07502,0.919703,1.02248],
[1,0.920631,0.966604,1.00285,0.978896,1.07443,0.982772,0.975198,1.03882,1.04544,0.972488,1.0326,0.982656,1.07869,1.03981,1.04545,0.951698],
[0.9,0.900354,1.05089,0.982253,0.936073,1.04051,0.900507,1.08761,1.06399,0.904926,1.0225,0.996591,1.05006,0.994009,1.05446,1.08011,1.03051],
[1,1.00319,1.09673,1.0926,1.02896,1.08771,1.08875,0.911505,0.992392,0.921656,1.05981,1.04241,1.07875,0.991513,0.965499,1.07375,1.05708],
[1,1.04798,0.948244,0.991604,1.03756,1.04613,1.05757,0.982369,1.01884,0.912244,1.0172,1.06581,0.972427,0.966646,0.927619,1.05629,1.00813],
[1,1.02798,1.00982,0.937184,0.904669,0.948708,1.09149,0.995401,0.916083,1.06915,0.927418,0.911866,1.04585,0.986514,1.02293,0.97972,1.08732],
[1,0.927888,1.08505,1.07528,1.03343,0.930525,0.950282,0.980782,1.05112,0.961153,0.948317,1.0939,1.05928,1.08676,0.943495,0.925562,0.91305],
[0.9,0.915888,0.95989,0.987167,1.0294,1.02499,1.08806,0.999203,0.914985,1.06908,1.05511,0.994205,1.05911,0.996634,0.950905,0.996817,1.00508],
[0.9,1.07646,0.937324,0.962148,1.0286,1.01689,0.957698,0.912299,0.935298,1.05232,0.904041,0.957985,1.01639,0.937843,0.91153,0.992184,0.997305],
[0.9,1.08826,1.07198,1.0628,1.06854,1.0041,0.976846,0.906934,0.911878,0.991,0.933027,1.08508,1.04563,0.960659,0.985128,1.02405,1.00734],
[1,0.996225,0.946821,0.991519,1.07412,0.957778,1.0678,1.08865,0.971731,0.990518,0.915113,0.943294,0.918384,0.917609,0.936152,0.96263,0.9446],
[1,1.04249,0.90661,0.986636,1.05464,1.05049,0.991012,0.902344,0.918372,1.07399,0.93462,1.05459,1.03626,1.02504,1.08184,1.06849,1.05801],
[0.9,1.03186,1.06878,0.942366,1.06148,0.90586,1.00341,1.01117,1.00927,1.08318,0.959847,1.02557,1.06844,0.937977,1.08009,1.06591,0.978939],
[1,0.980831,1.09628,0.906037,0.923609,1.08494,0.995083,1.07359,0.937269,0.970443,0.932929,0.955422,0.970113,0.943513,1.07898,1.08126,1.02137],
[1,0.91709,1.01328,1.06319,0.971389,0.95298,0.949672,1.055,0.993374,1.09364,0.911383,1.00829,1.04984,1.08025,0.968294,0.933052,0.951973],
[1,1.06113,0.997031,0.926691,1.04934,1.07533,0.9292,0.931324,1.05586,0.923054,0.998587,1.04209,1.09689,1.08976,0.999741,1.02269,0.939222],
[0.9,0.976101,1.07924,1.05528,1.06842,0.912513,0.907691,0.905658,0.963478,0.928095,1.04023,0.925233,0.987948,1.00081,0.996597,1.09393,1.08457],
[1,1.04683,1.07356,0.951906,0.942311,1.09158,0.992001,1.01705,0.949928,1.06621,1.05574,0.92273,0.962917,0.975014,1.0723,1.08516,0.91634],
[1,1.0636,0.978823,1.06575,0.922773,1.05173,0.904462,0.908197,1.0689,0.998001,1.09655,1.08496,0.942476,0.976986,0.926392,0.997,1.09577],
[0.9,1.05729,0.96473,0.936793,0.934577,0.90777,1.06305,0.949123,1.00576,1.07944,1.06311,0.991714,0.986068,0.905341,1.01187,1.08504,1.02977],
[1,1.08094,0.98984,0.928181,0.995328,1.01563,0.984695,1.00191,1.03399,1.0158,0.948653,1.07799,0.917908,0.979507,0.955202,0.932911,1.02667],
[1,1.08383,1.08305,1.04683,1.03312,1.05535,0.903461,0.940382,1.00874,0.997439,0.956581,1.08384,1.04694,0.94637,0.911835,1.0342,1.08063],
[1,0.937593,1.0783,0.97369,1.06777,0.946583,1.0214,0.97991,0.905408,0.976077,0.97167,1.01474,0.938075,1.08415,0.976504,0.971273,1.08076],
[0.9,1.06708,1.01155,0.980618,1.01158,0.967354,1.06453,1.04811,1.06611,1.02381,1.062,1.07433,0.974105,1.01208,0.943538,0.941041,1.08882],
[1,0.961904,1.0295,0.947884,0.961177,0.920112,1.03428,1.05667,0.981466,1.07132,0.988577,1.0376,0.904511,0.912922,1.00694,1.02677,0.982638],
[1,0.951949,1.0991,0.903357,1.05142,0.930873,1.00316,0.909687,0.953804,1.02873,0.987136,1.04745,0.9047,0.983877,0.996939,1.09576,1.01608],
[1,1.02794,1.03697,0.935481,1.08804,0.91139,1.02235,0.974087,1.08214,0.916913,1.08964,0.978921,1.07299,1.0522,0.98887,1.08041,1.02759],
[1,0.972665,0.946596,0.964144,1.06254,0.907147,1.07532,1.00063,1.02773,0.959877,0.955379,0.996078,1.08329,1.02098,1.02825,0.990652,0.915113],
[1,1.08134,0.950734,0.938166,0.950618,1.00415,1.02546,0.952046,1.09208,0.938649,1.02071,0.943867,1.06238,0.954915,1.09705,1.0196,1.0808],
[1,0.99758,0.945247,0.963112,1.03577,1.01235,1.07895,1.05021,1.04308,0.985116,0.97546,0.919745,0.946706,0.969082,1.04403,0.937416,0.969253],
[1,0.941133,1.00382,1.09887,1.05647,1.07918,0.953304,0.917743,0.923231,0.932496,0.961037,1.00595,1.08105,0.921821,1.01451,0.951888,1.01208],
[0.9,1.00576,0.900641,0.91745,1.0301,0.900501,1.07154,1.08972,0.907288,0.940559,0.975991,0.98417,0.95555,0.935609,0.967049,1.09529,0.930689],
[0.9,1.05184,1.04437,0.940736,0.996011,0.998093,0.98489,1.05505,1.02395,1.06619,0.931623,0.941926,1.04183,0.997635,0.919819,1.01603,0.944502],
[1,1.00075,1.07674,0.974111,0.9008,0.97983,0.91886,1.01315,0.976894,0.90354,1.0968,1.01688,0.998801,1.00146,0.923493,0.941481,0.912903],
[0.9,1.08541,1.02416,1.01783,0.941279,0.954726,0.971468,1.02452,1.03202,0.98016,0.912024,1.02297,0.964193,1.0374,1.07002,1.08682,0.97831],
[1,1.0156,0.947108,1.0567,1.05652,1.04851,1.06647,1.02608,1.02115,0.971126,0.944826,0.9652,0.942439,1.00728,0.988186,0.923817,0.968111],
[1,0.971334,1.05925,1.08101,0.905213,1.02614,0.996725,1.04303,1.05561,0.986337,0.919861,0.948714,1.05424,1.02032,0.997452,0.969948,1.05081],
[1,1.05279,0.972854,0.938862,1.01798,1.0819,0.988211,1.06949,1.04171,0.926777,1.01669,0.960714,1.04003,0.909998,0.950038,1.05885,1.00924],
[0.9,1.0896,0.908051,1.07244,1.0715,1.04325,0.984353,1.00243,1.09274,1.08224,0.950331,1.08265,1.03673,0.938887,0.986813,0.937147,1.03182],
[1,0.957704,1.06099,1.03238,0.963857,1.06437,1.08226,0.957735,0.981625,0.94557,1.08704,1.04233,1.09863,1.07954,1.03845,0.90354,1.04246],
[1,1.0211,0.933351,0.99985,1.09127,0.942201,0.919971,0.976504,0.992721,1.02055,0.905957,1.04804,1.01194,1.09466,0.988754,0.983126,0.959774],
[0.9,1.07017,1.02021,0.989395,1.01555,1.06086,1.07892,1.08691,1.00407,0.946229,0.987545,0.91399,0.922071,1.01982,1.00781,0.958681,0.986032],
[0.9,1.03805,1.05063,1.03285,0.969985,0.976284,0.997085,1.03699,1.04621,1.02421,0.995773,1.09675,1.04982,1.0135,0.981051,1.02089,1.01911],
[1,0.959468,0.946901,0.970168,0.956441,1.09103,0.922217,1.07841,1.09673,0.972414,1.07952,1.07755,1.06011,1.07845,0.937397,1.08253,0.989352],
[1,1.05781,0.942421,1.03261,0.960335,0.991195,0.929798,0.900452,1.08914,0.940938,1.07249,1.0954,1.03877,1.07812,0.934346,0.994748,0.97073],
[1,0.95096,1.06838,1.04546,1.02885,0.926795,1.01236,0.946248,1.08639,0.999838,1.08006,1.01125,0.901624,1.0801,0.991501,1.03001,0.956789],
[0.9,0.902741,1.06066,0.998648,1.06028,1.01609,0.924122,0.98099,1.04549,0.912647,0.931428,0.907501,0.902252,0.98843,0.900574,1.00636,0.999765],
[0.9,1.01903,0.967562,1.01058,1.02688,1.00821,1.07461,1.04103,0.954634,0.946193,0.961367,1.08525,1.08849,1.00481,1.02574,0.909467,0.950215],
[1,1.03108,0.972481,1.01665,1.01405,0.926899,1.08877,0.955354,1.03876,1.01984,1.04047,1.01379,0.907642,0.926337,1.04436,1.04327,1.06177],
[1,1.08021,0.938954,1.01226,0.932282,0.986715,0.977053,1.05365,1.05555,0.931239,1.03056,0.941615,0.91684,0.959645,0.944813,1.09147,0.916462],
[1,1.05397,0.953511,1.04494,1.05357,0.919849,0.921729,0.982162,1.09786,1.0742,1.03183,1.02818,0.943776,1.04579,1.00497,0.99689,0.917359],
[1,1.09359,0.903809,0.953743,1.04677,1.08522,0.979336,1.08256,1.07422,0.920954,1.03857,1.04339,1.06255,1.08454,0.939027,1.03752,0.986093],
[0.9,0.957607,0.922352,0.908716,0.922602,1.01776,1.05455,1.07928,0.994266,0.998453,1.08831,0.961812,1.0612,1.05596,0.93498,0.981777,1.06865],
[1,0.990213,1.0695,0.973757,0.98414,1.03497,0.982186,0.904596,0.955586,0.91659,1.08571,0.939869,1.03926,1.01624,0.977322,0.965566,1.04368],
[1,1.0308,0.964852,1.00618,0.921912,1.04489,0.99736,1.07997,0.999484,1.07673,1.02425,1.08403,0.977255,1.04113,1.03516,0.947194,1.07546],
[1,1.03339,0.977621,0.915455,1.02348,0.935554,0.988864,1.06643,1.0028,0.94189,1.01388,1.02843,1.09822,1.03359,1.03815,0.958003,1.00117],
[1,1.08321,0.942592,1.09317,0.924751,1.07181,0.930079,1.0822,1.06917,1.00595,0.91963,1.05527,0.972073,1.08908,0.920093,1.02809,0.959474],
[0.9,1.08229,0.973324,0.938093,1.0156,0.911298,1.00861,0.956276,0.915864,0.965157,0.925587,0.941939,1.03229,0.946065,0.941194,0.973678,1.0409],
[1,1.05246,0.941322,0.929292,1.06415,1.07612,0.952254,1.00281,1.06879,0.954134,0.939583,1.08485,0.96595,1.00663,1.02863,1.04256,0.924958],
[1,0.917737,1.06923,1.00087,0.904163,1.02995,1.05445,0.948738,0.942488,1.09148,1.0736,1.0805,0.978439,1.09348,0.927522,0.970626,1.05741],
[0.9,0.963991,0.916944,0.96263,1.01106,0.911982,0.962673,0.973898,1.07917,0.960146,0.986129,1.02354,1.0987,1.0106,1.06423,1.03093,0.961251],
[1,1.01604,1.09675,0.991079,0.995114,0.932728,0.938221,0.964272,0.965847,1.00001,1.04675,0.961092,1.04764,1.01949,0.948866,0.907849,1.04373],
[1,1.05215,0.96437,1.02707,0.970473,1.05699,1.0135,1.09685,1.08498,1.01578,1.0088,0.960488,0.952089,1.02043,1.03665,0.972219,0.968972],
[0.9,1.0491,0.959578,0.901947,1.00835,0.923646,1.06904,1.07459,1.08621,1.00628,0.96202,0.904663,1.07397,0.993838,0.992575,1.09617,1.06131],
[1,1.09791,1.09263,1.05211,1.04657,1.03309,1.09809,0.926545,0.979305,1.08114,1.0718,1.08196,0.993204,1.06973,1.00307,1.0333,0.994662],
[1,1.07246,0.954683,1.01419,1.09943,1.00544,1.04316,1.04001,1.08773,1.02503,1.08606,1.04109,0.99086,0.909387,0.913031,0.935987,0.930616],
[0.9,0.914161,0.963552,1.06326,0.992306,0.905322,1.01181,1.01772,0.937849,0.922022,0.961428,1.09042,0.993002,1.02309,0.999716,0.928083,1.09158],
[0.9,0.961733,0.929536,1.02505,1.0702,1.05452,1.09804,1.01072,0.944777,1.02073,0.975143,1.015,0.936451,1.09814,0.987545,1.03801,0.904352],
[1,1.038,1.06573,0.907813,1.0892,1.07164,1.09601,0.953365,0.95309,1.049,0.944667,1.00149,1.01742,1.05683,1.03787,1.01442,0.973354],
[1,1.09713,0.926136,1.02329,0.922492,0.923096,0.915986,0.985165,1.03825,0.984512,1.06698,1.04251,0.987295,1.01836,0.990103,0.996371,0.964174],
[0.9,1.09599,0.975552,1.00058,0.923267,1.09498,1.06121,0.916413,0.99523,1.00705,0.982205,1.0588,1.02115,1.06269,0.937379,1.06019,0.916633],
[0.9,0.901068,0.946895,1.0548,0.97181,1.06804,1.02927,0.920716,1.04625,0.994131,0.904718,1.02733,1.04509,1.08887,1.00494,0.998819,1.03805],
[0.9,1.01845,1.02789,0.972097,1.06006,1.01986,1.01309,1.08452,1.00974,1.03696,0.982473,1.05688,1.02339,1.08699,0.909815,0.991372,1.02384],
[0.9,0.929701,0.990609,1.08424,0.953499,1.05765,1.02218,0.95931,0.970925,1.0216,1.04925,1.0186,1.07967,0.91092,0.90846,0.937904,0.995413],
[1,0.91623,1.00514,1.04278,0.997916,1.08494,0.996951,0.950545,1.09417,0.930055,1.08222,0.966048,1.03413,0.949593,0.908838,1.01993,0.90293],
[0.9,0.929902,0.97253,0.960591,0.948903,0.925593,1.07327,0.989102,1.08878,0.977041,1.064,0.907117,1.08795,1.04837,1.05788,1.05844,0.965114],
[1,1.02487,1.08061,1.06558,1.02201,1.01504,0.959786,0.921522,1.04595,0.951119,0.978292,1.03458,1.05456,0.921381,0.960866,0.961873,0.982437],
[0.9,0.926069,0.986837,1.06179,0.955342,0.949043,0.956075,1.03689,0.98981,0.941749,0.96346,1.03677,0.988534,0.957131,1.06274,0.962362,0.962087],
[1,1.08997,0.944343,0.902161,1.01416,0.976833,0.927894,1.05222,0.962282,1.03642,0.940718,0.928449,0.921125,1.00233,0.90047,0.922504,0.981881],
[1,0.917933,1.01701,0.951851,0.949849,0.952089,1.04525,0.900403,0.928211,0.973446,1.02627,1.07869,1.05937,1.09179,1.00662,0.919471,1.02788],
[1,0.9399,0.923328,0.947798,1.02266,1.03559,0.937318,0.95146,1.02832,0.908161,1.0326,0.981735,1.02391,0.957851,1.08705,1.06917,1.02533],
[1,1.07922,1.07502,0.957863,0.974691,0.999936,0.98168,0.910022,1.06628,0.987606,0.911463,1.00202,1.06692,0.993722,0.95533,1.02478,0.91247],
[1,0.992477,0.906049,1.02376,0.985867,0.982278,0.95959,0.983804,0.975405,0.909717,0.973879,1.09678,0.931849,1.06561,1.09654,0.959774,1.04409],
[1,0.970656,1.07878,0.988437,0.929554,1.07936,1.05995,1.07964,1.0818,0.95483,1.00768,1.00197,0.954616,1.00798,1.06037,0.926606,0.975167],
[1,1.09548,0.921656,0.937709,0.958016,0.934925,1.06092,0.902149,1.05279,1.08212,0.937831,1.07736,1.02534,0.921833,0.990646,1.07054,0.988174],
[0.9,0.945253,0.983822,1.09557,1.01497,0.981796,0.939351,1.09324,1.04985,0.931379,0.914246,0.938649,1.0803,0.909095,1.06644,0.948329,1.08576],
[0.9,1.03285,1.02835,0.997317,1.03177,0.981143,1.04427,1.01292,1.05777,1.09607,1.08679,1.0254,1.09433,1.08201,1.08937,0.99465,1.08098],
[1,0.954012,0.995242,0.952321,0.959377,1.04151,0.970626,0.900354,0.928999,0.982461,0.925263,0.923145,0.943074,1.06512,0.985861,0.966073,1.08904],
[1,1.06302,1.06185,1.07507,1.01321,0.944533,0.975698,0.919623,0.93719,0.951564,0.961831,0.907093,1.03446,0.988961,0.937458,1.09059,1.0313],
[1,1.08072,0.923359,0.90517,0.903461,0.958553,1.09991,1.08634,1.00448,0.991086,0.988156,1.08636,0.943287,0.958388,0.933857,0.909876,1.08032],
[1,1.01855,0.905768,1.08852,0.906897,0.952193,1.01409,1.0377,1.03109,1.08199,1.06489,0.92295,0.987802,0.998276,1.08528,0.968471,1.08774],
[1,1.07098,0.93805,1.0869,0.934236,0.978457,0.983432,0.966463,1.09098,0.99415,1.06182,1.00533,1.00115,1.03681,1.05375,0.951387,0.952437],
[1,1.01269,0.997909,1.00417,0.93628,1.0774,0.971291,1.04913,0.903357,1.07851,1.03634,0.922687,1.05509,0.97051,0.925385,0.940431,1.00696],
[1,0.997519,0.945515,0.968239,0.98384,0.934101,1.0471,1.0518,1.00144,0.976858,0.930995,1.06708,1.04412,0.914863,0.923878,1.05254,1.04114],
[0.9,1.09221,0.903815,0.920508,1.08288,0.957186,0.953829,1.09376,1.01866,0.907056,1.06107,1.01597,0.976907,1.08777,1.06236,1.05252,0.933851],
[1,0.946358,0.983682,1.01006,0.958327,1.0039,0.978414,1.07421,0.969741,0.91167,0.968465,0.945564,1.08623,1.00528,1.05417,0.901727,1.03919],
[1,1.07315,1.09755,1.0611,0.901508,0.9631,1.00163,1.00083,1.00484,1.05002,1.05682,0.967531,1.06773,1.09305,1.07054,0.98428,0.984738],
[1,0.941664,1.03272,1.07627,0.965267,1.02983,0.969973,1.06283,1.00007,0.973611,1.0991,1.07871,1.08837,1.06387,1.07429,1.08138,1.09766],
[1,0.92204,0.912854,1.03716,0.983334,1.05973,0.969259,1.07407,1.01086,1.09249,0.934816,0.956612,0.913495,1.07007,0.936555,0.974862,0.907465],
[1,0.976009,1.09075,0.90744,0.990524,0.994046,0.968477,0.96039,0.92837,1.02521,0.936537,1.08444,1.03289,0.997745,1.01265,0.919105,1.00746],
[1,1.02281,1.09313,0.945698,1.01844,0.945784,0.916022,1.08161,1.05664,0.914167,1.09988,1.04941,1.03623,1.0034,0.917286,1.03446,1.09144],
[1,0.902039,1.09648,0.960042,0.959487,1.09852,1.04617,1.07842,0.947774,0.966225,0.956648,0.972152,1.09297,0.945631,1.09102,0.998599,0.983212],
[1,0.926978,0.997751,0.979092,1.08058,1.06016,0.907465,0.992911,0.998093,1.06707,1.09945,0.90578,1.01219,0.90918,1.09213,1.05389,0.939827],
[1,0.996811,0.915125,1.01188,1.03084,0.953243,1.02738,1.04328,1.09348,0.910895,1.06974,0.914484,1.05266,1.01216,0.937727,1.07057,1.07802],
[1,0.944142,1.04403,1.05962,1.04282,0.976284,0.907794,1.07408,0.923109,0.941249,1.06449,1.04179,0.928907,0.930317,1.07829,1.05624,0.921583],
[1,0.955599,0.967019,1.04582,1.03695,0.980868,1.0975,0.901526,0.93028,0.913617,1.07856,0.96769,1.06201,1.05317,1.07953,1.03442,1.06737],
[0.9,1.01773,1.09947,1.00399,1.0599,1.02773,1.08541,1.02528,0.977749,0.97159,1.03388,1.02292,0.906122,1.07146,0.932856,0.969735,1.01606],
[1,1.03354,0.994284,0.975527,1.02914,1.01285,0.91822,1.06221,1.06116,1.03792,1.08793,0.993741,1.01847,1.08877,1.03142,1.08185,0.9785],
[1,0.971969,1.01657,1.09153,0.945766,0.929597,1.08679,0.944142,0.92035,1.04169,0.943318,1.09493,1.01035,1.03404,0.910865,0.963619,1.07504],
[1,0.955049,0.955043,1.09491,0.933412,0.910706,0.999118,1.07679,0.903619,1.07787,0.98807,1.06717,0.975222,0.991464,1.09217,0.929939,0.932423],
[1,1.03525,1.04485,1.08218,0.957662,0.911255,0.982919,1.05291,1.04109,1.02301,0.915076,0.993631,0.988925,0.924525,1.01023,1.00481,0.978457],
[1,0.978994,0.931947,1.04079,0.997397,1.0195,0.953481,1.0224,1.08778,0.921259,1.09395,0.970486,1.01523,0.983566,1.09381,1.04845,1.03493],
[0.9,0.967263,0.987692,0.930988,1.0974,1.07907,0.981906,0.958278,0.989248,1.07183,1.03034,1.03792,0.960225,1.0749,1.03604,1.08748,1.07767],
[1,1.06541,1.06716,1.08253,1.03814,1.07543,1.02331,0.983889,1.03899,0.914649,0.910413,0.918043,1.0208,0.904242,1.07285,1.02815,0.925312],
[0.9,0.967641,1.02088,1.09894,1.07949,1.00957,0.956362,0.948146,1.04651,0.91966,0.927442,0.926539,1.04933,1.05856,0.984725,0.984738,1.02874],
[0.9,0.963546,0.914472,1.01631,0.906629,0.969173,0.91803,0.950966,1.04674,0.976412,1.03437,0.925721,0.937513,1.09996,0.953072,1.07072,1.09178],
[1,1.04753,0.978811,1.09197,0.921149,0.958394,1.08004,1.09188,0.995517,0.958821,1.0711,0.952998,1.07521,1.03245,1.00623,0.997122,1.04154],
[1,0.955629,1.05596,0.972469,1.09499,1.03768,0.999429,1.08292,1.0117,0.9313,1.02371,0.98569,0.90351,1.0746,1.08019,0.929402,1.01609],
[1,0.926826,0.969607,1.09461,1.00481,0.982925,0.92934,0.927058,1.08539,1.06871,0.905426,1.05043,0.904572,1.01094,0.976693,1.05098,0.935243],
[1,1.07039,0.99003,0.964302,1.04999,1.04309,0.986239,1.07064,0.932459,0.932276,1.08586,0.939387,1.01595,1.03486,1.05214,1.01881,1.04172],
[1,1.00508,0.925965,0.92743,0.975051,0.942824,1.0075,0.909827,1.01292,1.07601,1.06171,1.00347,0.910468,1.00617,0.928236,1.05671,0.920789],
[1,0.951576,0.986166,0.94369,0.947682,1.02464,1.07105,0.967879,1.06559,1.01866,1.08836,0.990139,0.959438,0.90567,0.970492,0.967696,0.994339],
[0.9,0.966268,1.06006,1.07394,1.08394,0.986758,0.916492,1.00282,1.04681,0.917139,1.06558,0.943074,1.03896,0.975802,0.962795,1.09626,1.05151],
[1,0.952748,1.04199,1.00547,1.05299,0.901929,1.06445,1.09722,0.992972,0.958559,1.09799,1.08666,1.05323,0.995553,1.02319,0.934144,1.04655],
[1,0.944478,1.0925,1.01615,0.916187,0.980709,1.06034,1.00065,0.945961,0.999844,0.903009,1.09626,1.01676,1.02903,0.947353,0.997574,0.919514],
[0.9,0.95652,1.09807,0.925098,0.96039,0.991122,0.931599,0.984713,0.98406,1.06298,1.03627,1.06352,0.908667,0.98768,1.02165,1.06373,0.934767],
[1,0.920911,1.09332,1.01578,0.933961,1.00891,0.936836,1.07085,1.08723,0.967525,1.0843,0.923041,0.953609,0.979543,0.97452,0.994198,0.952467],
[1,1.00932,1.08766,0.947707,1.0123,0.994424,1.09016,1.06712,1.0722,0.963833,0.924073,0.970595,1.05118,1.04343,0.981368,1.07338,1.03019],
[1,0.97037,0.930641,1.00312,0.904651,1.00672,1.08972,0.94532,0.94825,1.07972,1.01603,1.06061,0.929524,0.925251,0.999216,1.08796,0.907739],
[0.9,1.04552,1.04937,0.994778,1.04504,1.06279,0.919849,1.06998,0.998935,0.944264,1.00101,0.984487,0.977108,1.0575,1.07937,1.01128,0.9631],
[1,0.950691,0.997122,1.01437,0.939814,0.99161,0.972756,1.05672,0.911609,0.959743,1.07756,0.93545,1.03392,0.903577,0.954817,1.05434,0.994388],
[1,1.0741,1.03372,0.944966,0.944319,0.936683,0.919044,1.00132,1.04327,1.02055,0.971065,0.997378,1.01012,1.02098,0.968819,0.901135,0.925318],
[0.9,1.0569,0.998123,1.0746,0.903168,1.06796,1.04861,0.90221,0.992868,0.951991,0.924982,0.923933,1.0662,1.04346,0.935365,0.981112,1.00197],
[0.9,0.939863,0.91695,1.09995,0.926453,1.06564,1.05632,0.966494,0.968551,0.927046,0.970333,0.945784,1.01864,0.957088,0.906934,0.953066,1.05371],
[0.9,0.968758,1.0661,0.983596,1.06653,1.0195,0.930982,1.05832,1.07208,1.00005,0.938826,0.963301,1.04078,1.03565,1.02922,1.03375,1.00496],
[1,1.07701,0.91944,1.09235,1.02478,0.91847,0.931147,1.01179,0.914167,0.973263,0.999893,0.900336,0.981722,0.918207,1.08043,1.03799,1.0548],
[1,0.930067,1.03612,0.949348,1.02867,1.09414,1.0061,0.989193,1.05087,1.02937,0.914167,0.966286,1.08793,0.996371,1.02897,1.02327,0.966329],
[0.9,1.06783,1.03952,1.05388,0.976675,0.948128,1.00202,1.07222,1.0562,0.950087,0.942103,1.01132,0.968954,0.997,0.919678,0.902185,1.09003],
[1,1.03576,0.903949,1.05539,0.989206,0.954903,1.06174,0.913379,0.990378,0.91858,0.991421,1.09533,1.03187,0.930885,1.04767,0.936592,1.0097],
[0.9,1.03135,0.979196,0.963857,1.00053,0.992679,0.987411,0.956764,1.08677,0.986349,0.90741,0.919092,0.956618,0.934822,0.902387,1.06958,0.928974],
[1,1.09427,1.01482,0.966945,1.01212,0.943312,0.93545,0.944343,1.03429,1.09688,0.964876,0.934504,0.982009,1.03858,0.966829,0.902576,0.99078],
[1,1.01802,1.08261,1.06596,1.04963,1.00207,1.02065,1.07851,1.04018,1.02113,0.965072,0.918921,1.06233,1.03119,0.985488,1.06561,0.919227],
[0.9,0.901349,0.923933,0.903394,1.04671,1.00163,0.992355,0.923536,0.910462,1.03672,1.01159,1.08182,1.01936,1.06388,0.95331,0.932789,1.00087],
[1,1.00461,0.955202,0.998929,1.05492,1.00426,1.06791,1.05119,0.950752,1.08735,0.921247,0.939985,1.06804,0.994253,0.994967,1.02341,1.04039],
[0.9,1.03412,1.05272,0.954744,0.9227,1.05406,1.08235,1.04637,0.959883,1.04584,1.07867,1.09743,1.02134,1.01325,0.933955,1.02032,0.902411],
[1,1.09155,1.00701,0.961287,1.04748,1.08864,0.925636,1.0542,1.08683,1.02297,0.945625,0.985067,0.942421,1.04946,1.07259,1.02582,1.03219],
[1,0.974245,0.963662,0.92345,1.0255,0.978536,1.03164,0.966445,1.08738,1.02536,0.978506,0.909503,0.97007,1.05301,1.03443,1.0271,1.05535],
[1,1.02856,0.992013,0.94405,0.907923,1.01485,1.02297,0.938374,1.09349,1.06232,0.938795,1.00414,1.09274,0.965975,1.0506,1.0195,0.936934],
[0.9,0.922974,1.01614,1.05456,1.01284,0.93567,1.01937,0.976034,1.08971,1.07687,0.993234,0.923353,1.05697,1.09938,1.09703,1.06566,0.966286],
[1,0.959291,0.922077,0.945906,1.04985,0.975723,1.09313,0.931495,0.917542,0.937111,1.00183,0.967763,1.09858,0.993649,1.02588,0.93697,1.00015],
[1,0.90202,1.07071,0.901807,1.07976,0.984072,0.901074,0.926917,1.01874,1.03553,1.00756,1.02693,1.05453,0.938319,1.01592,1.00979,1.00744],
[1,1.00523,0.94388,1.05575,1.03229,0.979397,0.968355,1.02928,0.907172,0.959359,1.04161,1.08931,0.930366,0.952242,1.05872,0.901025,0.954775],
[0.9,1.0694,0.904926,0.990347,1.04001,1.02748,0.993112,0.999911,0.905005,1.00335,0.997043,1.06104,0.900153,1.09056,1.09286,0.975106,0.931928],
[1,0.93047,0.904956,1.07403,0.937172,0.992801,0.922272,1.05018,1.0014,0.991281,1.04598,1.04394,0.958705,1.00397,1.0529,0.991708,1.09924],
[1,1.04197,1.01515,0.902606,0.994131,1.03317,0.949361,1.07851,1.025,0.982485,1.02296,0.951332,0.951125,1.09415,1.04637,0.920307,0.983132],
[1,0.964657,1.02621,1.07109,0.966915,0.930897,0.955947,1.01564,1.0745,0.956642,0.916364,0.97178,1.04273,1.09555,0.90835,0.951375,1.09232],
[1,1.03265,1.03085,0.958199,0.921924,0.958498,1.0701,0.957601,1.06953,0.986502,1.0491,1.00542,1.05017,1.03679,1.02824,0.958058,1.0818],
[0.9,1.03879,0.967116,1.07344,0.939473,0.909705,1.024,0.916187,0.904205,0.936934,0.976858,0.957509,1.07006,1.00166,1.00101,0.914881,1.05416],
[1,1.00415,0.985244,1.00568,1.09527,0.94756,1.00632,0.946699,0.984866,0.964614,1.02618,1.08859,0.91153,1.05773,0.937226,0.954933,1.00183],
[0.9,0.930982,1.04246,1.05204,1.00879,1.02966,1.05099,0.963155,0.914118,1.05108,1.01386,1.07472,0.933906,1.06301,0.959963,0.903705,1.00642],
[1,1.03865,1.09471,1.0198,1.08105,0.93882,1.08778,1.03371,1.03851,0.933363,0.910028,0.929383,0.923957,0.980276,0.997354,0.969564,0.937947],
[0.9,1.05245,1.04941,1.08538,1.04173,1.04541,0.919605,1.03101,1.02558,0.96321,0.963131,1.09441,1.09915,1.01418,1.00666,0.940596,0.93227],
[0.9,0.948006,1.02265,1.02599,1.01843,1.08092,0.932514,1.08504,0.931971,1.09828,0.916254,1.09712,0.993777,1.05511,0.910004,1.04997,0.951997],
[0.9,0.952925,0.91767,0.909919,1.06465,0.933265,1.04726,1.09099,1.06706,0.923975,0.977004,0.90896,1.05277,1.06398,1.01764,0.949391,1.0121],
[1,1.02759,0.968667,0.980697,0.934828,0.913776,0.916865,0.995889,1.06964,1.0889,1.09075,1.06283,1.04409,1.0167,1.02301,0.911634,0.983132],
[1,1.01416,1.02684,0.975094,1.07717,0.913184,0.930299,0.947859,1.05514,1.05336,0.998898,0.940797,1.0821,0.949269,0.998263,1.02859,0.919263],
[1,1.01376,1.0533,1.04599,1.03547,0.959975,1.02087,1.09533,0.919184,0.949977,0.91836,1.0273,0.969045,0.905609,1.00808,1.07149,0.94684],
[0.9,0.954982,0.969857,0.916175,0.943727,1.04346,0.95135,1.04388,0.905451,1.03988,0.969271,1.01267,0.998941,0.957082,1.03289,0.951527,1.06708],
[0.9,0.964357,1.08976,1.03453,1.08798,1.01234,1.04125,1.0801,1.09226,1.05351,0.924921,0.900146,0.941102,1.01313,1.02795,0.944276,1.05267],
[1,1.0176,1.00446,0.969393,1.03972,1.00832,1.03909,1.01125,0.979006,1.09004,1.0128,1.08078,1.05661,1.02409,1.03385,0.976406,1.00779],
[0.9,0.96979,1.07023,1.09215,0.950331,1.02296,0.906433,0.923292,1.0567,1.04706,0.976778,0.967513,0.908686,1.08594,1.02912,1.043,0.966317],
[0.9,0.965572,1.05057,1.00572,1.07269,1.08622,1.0674,0.963051,0.944777,0.934877,1.0348,0.996127,1.01355,0.903009,0.971432,0.969735,1.02225],
[1,0.94319,1.07111,0.954585,1.08284,0.920881,0.96169,1.0044,0.990933,0.957167,0.971535,1.01761,1.0266,1.01378,0.942463,0.987582,0.953139],
[0.9,1.02634,1.08541,1.07734,1.04681,1.04466,1.00605,0.935847,0.968099,0.915723,0.91189,0.989731,0.906726,0.95566,0.954665,0.98345,0.930158],
[1,1.05726,0.924622,0.986764,1.06846,0.936476,0.940645,0.960836,0.930213,1.04811,0.968581,1.02801,0.957418,1.03545,0.93448,0.94225,0.991739],
[0.9,0.978402,0.985842,0.979049,0.914063,0.981387,1.01339,0.962233,1.04083,0.950655,0.921332,0.9978,1.03602,0.919214,0.974013,0.902594,0.919489],
[1,0.917652,1.03683,0.913843,1.06425,0.913532,1.0297,1.09254,0.959798,1.02147,1.05381,0.981594,0.99324,1.06498,0.954689,0.996072,0.964455],
[1,1.04167,1.09249,1.05046,1.08382,1.04625,0.91858,1.08116,0.979165,1.05441,1.04156,0.97969,0.951936,0.918879,0.936073,0.923304,0.966543],
[0.9,0.913306,1.08133,0.906525,1.04621,1.07223,1.08624,0.986209,0.905499,1.0544,1.09431,0.993966,1.09922,1.08357,0.991806,1.09843,0.939186],
[1,1.00325,1.04875,1.00961,1.06962,1.05785,0.900385,0.914966,1.05278,0.970394,1.09739,0.957985,0.90802,0.992801,1.04266,0.953865,1.01793],
[1,0.98732,1.0872,0.914771,1.01515,0.970516,1.01763,0.988467,1.08384,1.0408,0.94062,0.929286,0.997995,1.09044,1.00956,1.08656,0.981228],
[0.9,1.02542,1.02463,0.938594,0.961415,1.00026,1.05741,0.978091,1.00006,0.900812,1.04262,0.952882,0.911463,0.978408,1.01701,1.08046,0.959664],
[1,0.953999,0.994998,1.07894,0.926569,1.02468,1.08921,1.0733,0.925422,1.04364,0.901819,1.07898,1.02198,1.08081,1.0071,0.920948,0.998019],
[1,0.962496,1.09492,0.962264,0.949471,0.970797,1.0059,0.959536,0.953377,1.01297,0.994705,1.01631,1.00611,0.907923,0.983584,0.928797,0.930012],
[1,1.07225,0.99996,0.910144,0.919068,0.915522,1.03141,0.943257,1.00334,1.0139,0.97687,0.902704,0.984811,0.948231,0.963009,0.900726,0.949916],
[1,1.08425,0.929194,0.997787,1.01711,1.07755,1.06009,0.963741,0.970345,1.08362,0.987033,0.919684,0.975332,1.0006,0.989138,1.00774,0.967507],
[1,1.09825,1.06331,0.947816,0.967617,0.951051,0.98384,0.901318,0.905927,0.907166,1.09958,0.910065,1.08723,0.91449,0.902466,0.991263,1.0807],
[1,0.989572,1.09212,0.929511,0.98876,0.97712,0.972628,1.02767,1.06784,1.04158,1.00741,1.03927,1.08397,1.04386,1.038,1.0668,0.948592]]
